(250, 200)
[252.36503295 190.28369313]
[244.02647601 184.76386811]
[237.92673877 176.83965171]
[242.54842441 167.97173077]
[236.51550724 159.99652479]
[237.80898554 150.08053196]
[228.81549906 145.70820981]
[221.08335395 139.36676423]
[211.13164202 140.34830867]
[201.18844751 139.28393887]
[193.85658882 146.08422181]
[185.39850947 151.41909704]
[175.54477405 149.71501422]
[167.76007715 143.43819224]
[159.95852178 137.18233628]
[152.0988564  130.99964591]
[142.5134371  128.15013073]
[135.62863174 135.40267892]
[125.97588203 132.79031925]
[122.38998111 142.12527049]
[122.06810152 152.12008882]
[118.2380075  161.35753326]
[116.64671528 171.2301109 ]
[106.64709406 171.14307411]
[ 97.12711578 174.20412188]
[ 87.40871601 171.84770384]
[ 78.64105814 176.65688001]
[ 69.80514028 181.33946004]
[ 61.05709205 176.49470493]
[ 51.76416426 172.80126573]
[ 51.30633746 162.81175149]
[ 43.72041624 157.34779348]
[ 42.8599521  149.60138587]
[ 52.83896813 148.95389913]
[ 53.10162713 147.9491419 ]
[ 52.62157603 139.226736  ]
[ 54.40420162 140.17217942]
[ 58.0248411  141.34225939]
