(250, 200)
[242.20781126 193.73248099]
[232.26584024 192.65674299]
[224.38302833 186.50359125]
[215.15290732 182.65588204]
[207.27317998 176.49878069]
[200.17859024 169.4513133 ]
[190.18794616 169.01884274]
[183.32752272 161.7432266 ]
[176.62198593 154.32461646]
[182.8072212  146.46695365]
[179.80697243 136.92763988]
[170.07360327 134.63383847]
[160.1289268  135.68427163]
[151.90793614 129.99082694]
[144.55387435 136.76709252]
[134.76305411 138.80175194]
[128.97511591 130.64701275]
[119.22533799 128.42398991]
[111.85059845 121.67023415]
[104.46961795 128.41716878]
[ 99.96174896 137.34348477]
[ 90.09925406 138.99611734]
[ 84.39012312 147.20622233]
[ 77.29190762 154.25003782]
[ 67.298004   154.59916592]
[ 59.95231616 147.81382362]
[ 54.22501155 139.6163861 ]
[ 55.03140148 140.43838371]
