(250, 200)
[240.00320756 199.74673961]
[230.90398816 195.59894426]
[221.99558123 191.0557861 ]
[217.74906113 182.00221956]
[209.51525164 176.32732914]
[200.09341611 172.97635685]
[191.15464708 168.49323203]
[185.53654978 160.22056724]
[177.59973175 154.13723595]
[168.23853253 151.4390421 ]
[159.19364846 155.70402418]
[149.46879722 158.03367402]
[143.32307752 165.92228158]
[135.36141131 171.97305601]
[126.05099912 168.32391571]
[120.4504571  160.03935603]
[115.27683444 151.48169113]
[110.27281622 142.82375826]
[102.87299303 136.09749504]
[ 99.35639803 126.73621524]
[ 90.11624253 122.91266632]
[ 80.55092983 125.82896413]
[ 72.5972919  119.76764053]
[ 63.78339134 124.49153267]
[ 55.22617561 119.31716712]
[ 46.59311336 124.36397168]
[ 45.849703   134.33630044]
[ 53.97257249 130.5422559 ]
[ 58.38949872 134.70534484]
[ 60.3159401 140.5951848]
