(250, 200)
[254.52905013 191.08441225]
[249.7646618  182.29233605]
[250.43252048 172.31466274]
[240.96040253 169.10857766]
[240.60740641 159.11480992]
[236.9362496  149.81305698]
[229.36713591 143.27788155]
[220.38912708 147.68189761]
[211.81537967 152.82882439]
[204.31046781 146.22001981]
[196.2987673  140.23565227]
[186.32498072 139.51206319]
[178.5271466  133.25156935]
[169.33033114 129.32491869]
[164.25579656 137.94171037]
[158.50593989 146.12334519]
[148.54097992 146.95974982]
[141.74309932 139.62566369]
[134.75321373 132.47433518]
[127.95654039 139.80954013]
[120.44057462 133.2133095 ]
[113.40725793 140.32192796]
[103.41396516 139.95573192]
[ 97.82348191 148.24708265]
[ 89.09228662 143.37202071]
[ 81.46031465 149.76890881]
[ 71.85640567 152.55547162]
[ 62.41673983 149.25506121]
[ 61.67757564 139.28241682]
[ 50.68291111 137.85945124]
