(250, 200)
[240.04604242 199.04149677]
[236.40674346 189.72723335]
[227.40002905 185.38222523]
[220.45290543 178.18934867]
[220.3078841  168.19040028]
[218.25858946 158.40263284]
[208.27096976 158.90007898]
[198.88013558 155.463186  ]
[188.89248433 154.96637361]
[179.57786309 158.60475665]
[170.87816245 163.53580206]
[165.57553942 155.05746561]
[160.96552393 146.1834723 ]
[156.36302502 137.3055782 ]
[148.61850578 130.97925053]
[139.17206708 134.26022537]
[129.93313321 130.43372553]
[126.10078561 121.19721581]
[116.93855195 125.20389455]
[116.73750213 135.20187329]
[109.68995734 142.29638613]
[105.42645055 151.3419657 ]
[ 98.92978525 158.94415881]
[ 89.1095783  157.05642595]
[ 90.1230895  147.10791877]
[ 80.39666079 144.78486376]
[ 71.40692924 140.40482647]
[ 61.57381435 142.22412617]
[ 59.89269458 139.46782653]
