(250, 200)
[256.16320568 192.1250463 ]
[253.51709508 182.48149412]
[246.43545633 175.42101307]
[238.20763993 169.73743697]
[229.60399843 164.64063867]
[231.72327354 154.86778479]
[223.0460399  149.89731033]
[213.90098616 145.85157279]
[203.9995283  147.25197709]
[194.26033945 144.98301246]
[185.335183   140.47284812]
[175.40066073 141.61533107]
[168.21176973 148.56657888]
[159.26168348 153.02706721]
[153.2072182  160.98592707]
[143.26863527 159.87932446]
[138.38377468 168.60504145]
[131.9776915  176.28371961]
[122.18551258 174.25560917]
[112.19140676 174.59890054]
[103.36910766 169.89071207]
[ 97.40101385 161.86688155]
[ 93.26914335 152.76041977]
[ 90.8482144  143.05788902]
[ 85.10995654 134.86811511]
[ 79.76463657 126.41663273]
[ 70.68137419 130.59925685]
[ 70.53097438 130.76255729]
[ 60.89519958 133.43685046]
[ 55.61548942 139.3174543 ]
[ 61.63049786 142.08852035]
