(250, 200)
[241.48007233 194.76446444]
[241.49436384 184.76447465]
[233.84145046 178.32763406]
[233.63498851 168.32976561]
[228.52911684 159.73150565]
[218.91551264 156.97857731]
[211.31501403 163.47722492]
[201.31858201 163.21011667]
[191.56957195 165.43650453]
[182.22162217 161.88462688]
[172.92720035 165.57430479]
[167.47278799 157.19281412]
[157.47754794 156.88430758]
[147.74516552 159.18229201]
[138.57001963 155.20527078]
[128.57470022 154.89934617]
[121.65752624 147.67766326]
[116.54289519 139.08461087]
[110.28804064 131.2822526 ]
[101.25084995 135.56351228]
[ 91.70473846 132.58496308]
[ 83.51518092 126.84639642]
[ 76.9651196  134.40263203]
[ 72.95274065 143.56237085]
[ 67.40463975 142.1293173 ]
[ 63.85538498 142.22139774]
[ 61.97677479 140.58242371]
(60, 140)
(47, 140)
