(250, 200)
[240.68397557 196.36521131]
[230.71449768 197.14592297]
[223.53736889 190.18253139]
[222.21310847 180.2706025 ]
[218.72015033 170.90047746]
[209.04513171 168.37183853]
[203.72431097 159.90491071]
[196.55374018 152.9347662 ]
[196.92409214 142.94162658]
[197.37943713 132.95199892]
[188.9956667  127.50109135]
[179.60494449 130.93829026]
[170.7596302  135.60309628]
[161.56600401 131.66898424]
[151.8046294  133.84051956]
[141.94621089 132.16374154]
[134.08606125 138.34581624]
[124.80399068 142.06645676]
[117.6593696  149.06319811]
[109.47372764 143.31904754]
[101.17085122 148.8923987 ]
[ 91.48109372 151.36395684]
[ 84.09256876 144.62528495]
[ 74.65623991 141.31534572]
[ 72.2505667  131.60902116]
[ 66.38810137 123.5076941 ]
[ 57.20967537 119.53824877]
[ 51.91530376 128.02174035]
[ 53.25334992 131.67082651]
[ 55.23050802 138.47227637]
[ 57.93842907 141.23286675]
(60, 140)
(45, 140)
