(250, 200)
[251.48731657 190.11122407]
[248.26749076 180.64376814]
[240.83298331 173.95586122]
[245.84111463 165.30030689]
[237.96813769 159.13457626]
[232.57969051 150.71052516]
[223.372752   146.80766936]
[226.29579472 137.24441566]
[216.71225111 134.38859847]
[208.83658626 128.22630156]
[200.76970095 122.31653326]
[191.98069508 127.08658315]
[182.01147515 126.30258449]
[173.52435247 131.59113331]
[163.80091458 133.92667514]
[154.96021093 129.25313696]
[147.88779486 122.18341767]
[138.66780141 126.05533204]
[128.67201982 126.34576334]
[119.8920679  131.13245785]
[109.90738444 130.57919822]
[100.10227676 132.5438517 ]
[ 96.94075037 123.05676833]
[ 86.99728785 121.99490531]
[ 77.96553857 126.28763227]
[ 75.52305813 135.59848159]
[ 67.33667245 141.05054509]
[ 62.59750643 139.74294271]
(61, 140)
(60, 140)
(45, 140)
