(250, 200)
[241.292385   204.91705613]
[235.80088563 196.55981766]
[225.82644619 195.84528429]
[220.0931836  187.65201265]
[215.70772174 178.66492612]
[208.63602254 171.59448976]
[202.51616795 163.68579962]
[192.53415497 163.08628577]
[184.46848376 168.99771097]
[175.3772067  173.16288582]
[165.46806108 171.81795718]
[155.63606386 169.99262686]
[146.9979392  164.95449206]
[140.22060845 157.6014119 ]
[130.23239277 158.08674441]
[120.61188159 155.35805157]
[113.50135026 148.32666877]
[109.5105478  139.15750873]
[102.72109949 131.81561582]
[ 96.56847621 123.93239143]
[ 87.60922639 119.49033753]
[ 77.61551779 119.84500398]
[ 74.82861052 129.44881301]
[ 67.85599797 136.61698392]
[ 64.58932715 135.89328808]
(61, 137)
(60, 137)
(45, 137)
