(250, 200)
[240.57261003 196.66468618]
[237.37160374 187.1908507 ]
[238.56281821 177.26205379]
[229.63779126 172.75163319]
[219.89632286 170.4924755 ]
[213.18095971 163.08275907]
[203.72530701 159.82843393]
[194.66541397 164.06143974]
[185.38637021 167.78962252]
[176.86219476 173.01823925]
[167.20151802 175.60113006]
[157.75521452 172.319766  ]
[148.06594419 174.7932333 ]
[138.07491154 175.21663231]
[131.54673139 167.64148453]
[123.30247552 173.30118815]
[116.58764876 165.89098562]
[109.34964378 172.79107865]
[ 99.79671101 175.74767729]
[ 89.8151473  175.14072916]
[ 85.57977453 166.08194241]
[ 79.70901434 157.98662433]
[ 71.30506135 152.56688503]
[ 64.18338488 145.54679071]
[ 54.54046579 142.89837392]
[ 60.32792875 137.77543118]
[ 65.15665045 137.93846401]
(61, 137)
(60, 137)
(45, 137)
