(250, 200)
[242.95490653 192.90305291]
[234.79532939 187.12193703]
[231.54766033 177.66399615]
[231.55310837 167.66399763]
[225.94107289 159.38721941]
[216.10690561 157.57361693]
[206.45067166 160.17306803]
[196.84425776 162.95098305]
[188.12225183 167.84246672]
[179.85828244 162.21158669]
[172.65644109 155.27375697]
[167.89679302 146.4791137 ]
[157.90741365 146.01835373]
[151.71237072 138.16842104]
[141.7340052  138.82585663]
[131.9588638  136.71715784]
[122.05686152 135.32060826]
[112.71467025 131.75361201]
[104.05750532 136.7589587 ]
[ 97.66417385 129.06966012]
[ 88.28307803 125.60627433]
[ 78.31795978 124.7717576 ]
[ 72.89184377 125.48870354]
[ 71.02794033 131.59943058]
[ 66.07422268 134.93692472]
[ 61.96674516 137.03713895]
[ 64.40479225 139.42820717]
(63, 140)
(60, 137)
(45, 135)
