(250, 200)
[240.0898462  201.33747958]
[230.72841627 197.82128424]
[228.36560845 188.10443603]
[218.63639664 185.79306464]
[212.77856522 177.6883863 ]
[202.81740972 176.80782904]
[192.83887866 177.46274737]
[189.20760813 168.14535105]
[185.23327394 158.96904091]
[192.1848274  151.78044546]
[187.57457358 142.90657598]
[179.78008158 136.6419216 ]
[176.30421226 135.72148236]
[166.80347419 132.60122977]
[156.95166708 130.88603399]
[147.48479833 127.66448216]
[139.06102862 122.27559509]
[129.40827289 124.88793251]
[119.64390514 127.0459692 ]
[110.12023108 130.09549906]
[100.28250209 131.88968086]
[ 98.05686036 122.14050044]
[ 88.06333703 121.78065135]
[ 79.71712318 116.27241076]
[ 70.12230977 113.45468905]
[ 65.43341922 122.28725976]
[ 60.72427836 131.10905053]
[ 65.53080523 139.87816106]
(61, 140)
(60, 140)
(45, 140)
