(250, 200)
[240.44831059 197.03938697]
[233.85385344 189.52186512]
[236.05870406 179.7679616 ]
[232.92204226 170.2726284 ]
[224.52753209 164.8382748 ]
[214.78331067 162.59102114]
[204.80526622 161.92873045]
[196.59852426 167.6426946 ]
[190.74326268 159.53615947]
[184.62969469 151.62260866]
[175.10461367 154.66774109]
[166.58356147 159.90144623]
[159.22897412 153.12575107]
[153.20096531 145.1468345 ]
[146.51438258 137.71113605]
[151.20925642 128.88174424]
[143.12459455 122.99631796]
[137.44266023 130.2453243 ]
[127.88494495 133.18642591]
[120.09368654 126.91775042]
[110.8238854  123.16664568]
[101.60311443 127.03670804]
[ 93.77200644 120.81788599]
[ 83.83607679 119.68770815]
[ 74.45494936 116.22440797]
[ 65.38399167 120.43365096]
[ 61.38183953 129.59786278]
[ 69.41140704 135.55823572]
[ 66.80763681 142.30050284]
[ 66.59639708 138.59762508]
(61, 140)
(60, 140)
(45, 140)
