(250, 200)
[240.01605161 200.5663696 ]
[233.8273567  192.71143133]
[226.77327843 185.6234147 ]
[222.17592538 176.74285475]
[212.17903477 176.99221021]
[203.0344458  172.94542229]
[194.05944515 168.53527904]
[185.33466002 173.42180381]
[179.30578298 165.44354324]
[178.89130668 155.45213646]
[169.78809923 151.31310105]
[161.14626857 156.34487638]
[151.41076161 154.0601654 ]
[143.37006791 148.1148105 ]
[136.52060907 140.82887105]
[130.1140701  133.15057317]
[121.00327994 137.27289081]
[111.38742705 134.5278274 ]
[106.4443722  125.83494475]
[ 96.8870203  122.89266253]
[ 88.12663891 127.71508079]
[ 82.1883894  135.76102342]
[ 73.61560385 140.90955214]
[ 76.92192809 150.34714824]
[ 66.93307658 150.81921342]
[ 67.5868639  146.62347428]
[ 63.1758646  144.82487237]
[ 61.22942884 143.27709724]
