(250, 200)
[246.15423997 190.76906669]
[236.1777152  190.08426481]
[226.91642807 193.85634124]
[219.29503022 187.38221621]
[220.50359993 177.4555169 ]
[214.56972591 169.40634681]
[207.02974867 162.83757651]
[207.37738331 152.84362083]
[198.35387719 148.5335933 ]
[188.55907139 146.51820765]
[179.26084728 142.83812229]
[169.75748816 145.9503828 ]
[159.95967057 143.94969028]
[151.74899685 149.65800325]
[145.3577479  157.34903289]
[135.73126117 154.64149651]
[126.06157585 157.19045428]
[118.54318513 163.78392083]
[111.85652635 171.21955089]
[104.37466703 164.5846597 ]
[ 98.05686691 156.83318231]
[ 90.7043079  150.05528618]
[ 83.45864238 143.16323778]
[ 74.58657352 138.54951973]
[ 70.39590423 147.62907319]
[ 64.51781438 155.71907069]
[ 55.31075564 151.81649853]
[ 56.00734274 141.84078971]
[ 61.69249015 135.85186055]
(63, 140)
(60, 137)
(45, 135)
