(250, 200)
[243.02733026 192.83188472]
[244.47173517 182.93674983]
[242.82481016 173.07330023]
[236.6759082  165.18717287]
[233.51219916 155.70081714]
[223.55892761 156.66641821]
[213.56384813 156.35275261]
[204.96404101 151.24948723]
[195.31103441 148.63807698]
[186.3264231 144.2475463]
[176.36029686 145.0699378 ]
[169.14597864 151.99479251]
[160.09480439 147.7431758 ]
[152.03114722 153.65734803]
[147.78746118 162.71224332]
[143.20213348 171.59901832]
[133.68913333 168.51635258]
[124.60814351 172.70390843]
[114.70024641 171.34981278]
[104.94893713 173.56610865]
[ 95.03872159 174.90313071]
[ 85.2121295  176.75733886]
[ 77.0755934  182.57083869]
[ 75.22973246 192.39900217]
[ 65.25414482 191.70068198]
[ 56.36575092 187.11849322]
[ 54.58305151 177.27867702]
[ 44.75392897 175.43792987]
[ 38.83125257 167.38051687]
[ 43.82604677 158.71725935]
[ 42.30408328 148.83375657]
[ 41.83772214 138.84463712]
[ 41.72623613 128.8452586 ]
[ 46.63499571 120.51920076]
[ 55.16989492 125.73029426]
[ 58.0143471  134.23871182]
[ 67.1573326 138.2891212]
(63, 140)
(45, 135)
