(250, 200)
[248.5145508  190.11094339]
[240.61697527 183.97675226]
[236.09694733 175.05658705]
[226.45067288 172.42041764]
[222.45822064 163.25197583]
[213.09029217 166.7508208 ]
[204.89022893 161.02727619]
[198.25236229 153.54805655]
[189.51338291 158.40915101]
[179.62726505 159.91403427]
[169.63491606 160.30513722]
[160.29545371 163.87927251]
[150.31690376 164.53390292]
[140.56512526 166.74813329]
[131.5974032  171.17305825]
[123.98972788 164.68281355]
[115.85335594 170.49654312]
[108.09904957 176.8108707 ]
[100.58863807 170.20831672]
[ 90.67041153 171.48455426]
[ 82.17453218 166.21008423]
[ 78.23228684 157.01994268]
[ 73.30571234 148.31770943]
[ 63.86785661 145.01212639]
[ 60.68102426 143.06881363]
[ 62.30688961 138.57123262]
(63, 140)
(50, 135)
(47, 133)
