(250, 200)
[245.1641321  191.24703583]
[244.69238954 181.25816908]
[243.83373045 171.29510206]
[235.71514007 165.45656712]
[226.04585252 162.90610083]
[221.16636429 154.17737844]
[213.84828281 147.36227143]
[203.89107813 148.28643325]
[194.25350211 150.95422792]
[185.39656915 146.31151983]
[176.15449699 150.13043357]
[176.46792455 160.12552052]
[166.47586954 159.72697712]
[157.3210737  155.70333287]
[148.52037538 160.45177568]
[142.56693211 168.48648248]
[136.68449857 176.57332213]
[126.84780663 174.77346332]
[117.20113704 177.40818641]
[111.43642792 169.2370097 ]
[105.69546833 161.04912945]
[ 97.50622064 155.31012062]
[ 92.94382281 146.41155186]
[ 87.37085479 138.10841827]
[ 79.67109984 131.72768369]
[ 70.49479069 135.70202016]
[ 61.29173305 139.6140184 ]
[ 61.35553662 140.14972014]
(63, 140)
(50, 135)
