(250, 200)
[240.1644307  198.19401644]
[241.95005006 188.3547297 ]
[238.48691928 178.97353973]
[231.47077921 171.84796757]
[221.7340525  169.56846041]
[211.75988843 168.85009346]
[202.86682057 164.27698247]
[194.03527335 168.96780048]
[184.3761446  166.37912674]
[177.36134422 173.50601776]
[169.38251892 167.47788813]
[160.42616831 163.02999157]
[152.32961044 168.8990418 ]
[143.38989198 164.41781051]
[134.21156956 168.38749535]
[125.8028955  173.79990706]
[116.63221272 169.81260505]
[108.65812911 163.77820445]
[105.99018298 154.14067036]
[102.85299044 144.64551249]
[ 93.04461282 142.69724953]
[ 83.86772738 146.67025514]
[ 76.30714172 140.12521545]
[ 68.23194885 134.22680379]
[ 66.93258944 137.57253948]
[ 66.66414588 138.57124858]
(63, 140)
(50, 135)
