(250, 200)
[246.13693057 190.77629713]
[247.55573995 180.87745983]
[240.5963334  173.69646683]
[238.63829745 163.89003551]
[228.64439754 163.54080132]
[228.45971132 153.54250692]
[233.47673273 144.89210252]
[227.05936168 137.22285556]
[217.57289607 134.05947601]
[207.74706283 135.91770126]
[198.19989582 138.89286548]
[188.64898349 141.8559844 ]
[179.88418796 137.04159354]
[169.89787454 136.51857898]
[160.1170319  134.43648454]
[155.49165749 143.30248204]
[147.623209   149.47399063]
[138.95568828 154.46138319]
[129.66858542 158.16944474]
[121.38690983 152.56463882]
[111.39100412 152.27851133]
[102.18629217 148.3704072 ]
[ 93.14319405 152.63917475]
[ 84.96492448 146.88453256]
[ 79.01092125 154.91882441]
[ 73.68438326 163.38215667]
[ 67.93623272 155.19932309]
[ 63.0814598  148.27999844]
[ 67.21823634 145.11522036]
[ 67.82060641 138.87066966]
[ 63.99503373 138.18463476]
(63, 140)
(50, 135)
(45, 132)
