(250, 200)
[251.48341812 190.11063851]
[257.43178706 182.07217429]
[251.46408772 174.04805038]
[248.95242403 164.36861106]
[252.31005331 154.94914581]
[244.82766553 148.31485059]
[242.97336252 138.4882764 ]
[234.30237457 133.50691433]
[224.32886029 132.77958167]
[214.34945967 132.1380496 ]
[204.35961056 132.58851024]
[194.80681544 135.5455536 ]
[187.30929091 128.92836946]
[180.94830466 121.21229184]
[171.86901893 125.40354115]
[162.84300426 129.70831282]
[153.31642285 126.66787757]
[145.77997652 133.24069864]
[138.34081084 126.5579736 ]
[130.83383304 133.16443137]
[121.31655783 136.23387311]
[114.97951143 143.96962406]
[107.82038921 150.95152704]
[106.52279269 160.8669818 ]
[ 96.60860624 162.1742335 ]
[ 87.02104929 159.33191902]
[ 80.14033176 166.58834557]
[ 75.1822631 175.2726737]
[ 69.0091596  183.13987099]
[ 69.49054337 193.12827776]
[ 59.54148657 194.13637926]
[ 52.64334589 186.89651357]
[ 43.53205376 182.77530553]
[ 48.07854529 173.86859936]
[ 45.10726166 166.10556214]
[ 50.95224127 157.99161037]
[ 58.2493658  156.59708232]
[ 59.43057385 146.99336313]
[ 62.47136854 144.07555645]
(63, 140)
(50, 135)
(45, 134)
