(250, 200)
[241.64889864 194.49917223]
[245.54467485 185.28923588]
[236.65376016 180.71194017]
[226.67294919 180.09273715]
[216.91679504 177.89786676]
[206.99825752 176.62404828]
[197.34859634 174.00030302]
[188.9497049  168.57272321]
[179.53308556 165.20712071]
[171.03012065 170.47016049]
[161.03752193 170.85483018]
[153.90902491 163.84166183]
[146.30550441 157.34655012]
[138.01936028 162.94474763]
[129.80645306 157.2396486 ]
[121.15624351 152.22229125]
[111.31494128 150.44781375]
[107.32272    141.27927137]
[ 98.53220002 136.51201236]
[ 94.83427371 127.22086921]
[ 85.02101648 129.14440311]
[ 76.0411922  124.74408995]
[ 72.31228537 115.46533714]
[ 68.12132034 106.38592019]
[63.2519923  97.65152585]
[ 54.23088714 101.96657645]
[ 45.02001631 105.86014276]
[ 42.44960539 115.52414751]
[ 38.28168035 124.61416406]
[ 40.64310007 134.3313497 ]
[ 34.43362791 142.16987351]
[ 39.15532286 142.63361084]
[ 48.92712696 144.75772116]
[ 57.44801457 139.52374806]
[ 63.47887468 137.52046132]
[ 63.15848888 139.02351452]
(63, 140)
(50, 135)
(47, 133)
