(250, 200)
[241.18110979 195.28542946]
[231.28467285 193.84997273]
[223.44573993 187.64101704]
[214.76765816 182.67202351]
[215.94096593 172.74109461]
[210.49219457 164.35593565]
[200.70553154 162.30137323]
[190.70653029 162.16004389]
[182.56115696 167.96115527]
[172.56588317 167.65374372]
[163.16374991 171.05960486]
[153.29732324 169.43060986]
[146.09296515 176.36582612]
[136.61227793 173.18517054]
[126.61246754 173.12358987]
[121.70178361 164.41237966]
[114.43169695 157.54609682]
[114.3362635  147.54655221]
[107.57713098 140.1767403 ]
[ 97.59517044 139.57635386]
[ 89.61344599 133.55206346]
[ 92.48411878 123.97295923]
[ 84.86699913 117.49380125]
[ 75.20624549 120.07640444]
[ 67.18610359 126.04945423]
[ 58.13173473 130.29426336]
[ 58.25639696 140.2934863 ]
[ 63.59295149 141.57587378]
(63, 140)
(50, 135)
(47, 132)
