(250, 200)
[240.04406452 199.06226404]
[230.55227358 195.91489932]
[222.25815599 190.32852184]
[221.48255441 180.3586451 ]
[212.05688556 177.01847046]
[212.24909576 167.02031787]
[202.26549319 166.4478847 ]
[192.48314175 168.52287878]
[183.0465677 171.8321189]
[173.05107039 171.5320632 ]
[163.33202348 173.88581068]
[153.72554679 171.10811277]
[145.34996735 176.57159783]
[136.85095133 171.30218356]
[126.91323736 170.18780437]
[117.43479429 173.37514135]
[112.63578569 164.6019141 ]
[109.27704563 155.18284486]
[100.99021195 149.58566812]
[ 95.58571757 141.17190317]
[ 86.14305275 137.88008284]
[ 77.08568858 142.11849696]
[ 67.61548426 145.33023015]
[ 65.26052386 135.61147707]
[ 61.81292507 141.08623152]
(63, 140)
(50, 135)
(47, 132)
