(250, 200)
[240.17601061 201.86794871]
[230.9195339 198.0840831]
[225.31424541 189.80273411]
[216.96732238 184.29556824]
[212.4365238 175.3808689]
[202.58664076 177.1070798 ]
[192.58697478 177.18881202]
[190.08098261 167.5079028 ]
[190.53421083 157.51817887]
[194.93578336 148.53897182]
[193.62786414 138.62487341]
[190.33628252 129.18212537]
[180.55749619 127.09039457]
[171.90157396 122.08289915]
[161.9242911  121.40923248]
[152.51224965 124.78761608]
[143.06432012 121.51093673]
[133.30046676 123.67129955]
[123.30266816 123.88111637]
[113.83646538 127.10462455]
[105.37543566 121.7744298 ]
[ 98.51815626 129.05300928]
[ 95.95488926 138.71891132]
[ 88.3715108 141.5856657]
[ 86.15811252 151.3376331 ]
[ 76.15824944 151.28530487]
[ 68.93017087 145.77899332]
[ 64.08586731 143.45206497]
(63, 140)
(50, 135)
(47, 134)
