(250, 200)
[242.54299356 193.33718866]
[235.39884061 186.33996931]
[228.24147335 179.35626729]
[235.33911762 172.3118762 ]
[235.66825791 162.31729434]
[228.579055   155.26440826]
[219.28777683 151.56682119]
[209.29416544 151.2094261 ]
[201.2626674  145.25165476]
[191.58280986 142.74160339]
[181.59312254 142.28756897]
[171.8635957  139.97752405]
[161.89869086 140.81458535]
[155.6695657  132.99167032]
[150.22067644 124.60658797]
[140.8730363  128.15928044]
[130.87338825 128.24317909]
[121.01920733 129.94468383]
[113.65897194 123.1751244 ]
[106.29028917 129.93548787]
[ 96.8980624  133.36857341]
[ 90.72147203 125.50411338]
[ 83.70897378 118.37495717]
[ 74.00135964 115.97449312]
[ 68.04209977 124.00488675]
[ 66.07308514 133.80911958]
[ 61.8401447  136.39620798]
[ 63.01755346 138.18358434]
[ 62.79706128 141.18111204]
(63, 140)
(50, 135)
(47, 132)
