(250, 200)
[244.85327637 191.42613064]
[238.45738425 183.73896185]
[228.65271329 185.70579368]
[218.79844639 184.00478695]
[209.67155614 179.91823897]
[200.87408752 175.16381515]
[190.93072788 176.22664112]
[181.32642542 173.44143478]
[171.53170919 175.45725569]
[165.84569014 167.23112737]
[156.06642001 169.32059519]
[148.15208237 175.43314455]
[138.20712392 174.38538431]
[135.12301383 164.87285231]
[125.20592818 166.15792516]
[118.9988437  173.99833983]
[109.23388758 171.842967  ]
[102.70559654 164.26791478]
[ 95.49993182 157.33405612]
[ 85.60353711 155.89830833]
[ 75.60515966 156.07844224]
[ 69.36044145 148.26796885]
[ 67.77774683 138.39400928]
[ 66.98516458 137.50257416]
(63, 140)
(50, 135)
(50, 135)
