(250, 200)
[241.38953371 194.9147399 ]
[239.72277412 185.05462263]
[231.2581003  179.73021683]
[223.94997821 172.90443106]
[214.07441836 174.47710958]
[204.16118891 175.79159876]
[194.59307087 172.88451822]
[184.97648983 170.14200677]
[178.62491502 162.41818017]
[168.84481014 160.332623  ]
[160.48203002 154.8495665 ]
[150.58133314 156.2553408 ]
[141.07702958 159.36471597]
[132.37401452 154.43952269]
[123.33021283 150.17224592]
[116.1657107  157.14862815]
[106.48637688 154.63655792]
[102.87313017 163.96095861]
[ 98.15523921 172.77807293]
[ 88.1710439  172.21607294]
[ 81.7825938  164.52271832]
[ 72.64626746 160.45731045]
[ 66.84228084 152.31398562]
[ 62.61763044 143.25019342]
[ 72.34318393 140.92347702]
[ 68.35358123 134.06529522]
[ 66.17186883 137.52900644]
[ 60.78986096 137.8566484 ]
(63, 140)
(50, 135)
(47, 133)
