(250, 200)
[240.49720279 196.88602421]
[237.84944525 187.24292408]
[227.87957489 186.46724049]
[219.17447772 181.54572819]
[211.53762661 175.08983901]
[202.83916931 170.15660066]
[205.41232475 160.49332632]
[198.65713746 153.11989803]
[190.55287633 147.26148941]
[191.44749888 137.30158728]
[182.79602244 132.28641476]
[172.80144286 132.61562465]
[163.37092186 129.28917406]
[157.19896087 121.42108042]
[147.3226231  122.98886625]
[137.93626782 126.43797259]
[132.25241694 134.66559917]
[122.35752558 136.11167139]
[116.02693854 143.85270929]
[114.72896316 153.76811447]
[112.06329012 163.40627754]
[103.10043467 167.84105175]
[ 93.11441118 167.31253051]
[ 84.56417944 172.49842843]
[ 74.7156442  170.76454445]
[ 69.80202818 163.35936078]
[ 71.23972392 159.11316799]
[ 67.97399566 150.56650728]
[ 68.05701894 149.59086152]
[ 67.57827977 144.63664445]
(63, 140)
(50, 135)
(50, 135)
