(250, 200)
[240.6090741  203.43664238]
[232.50957701 197.57164904]
[240.405332   191.43511474]
[236.34084134 182.29838033]
[227.50247149 177.62043008]
[222.56186597 168.92615512]
[212.81027115 171.14119429]
[204.05235181 166.31430618]
[194.78404087 162.55952091]
[185.90616542 167.16205581]
[179.22434812 159.7220748 ]
[169.64163314 162.58067124]
[163.46971536 170.44879879]
[153.94975456 167.38769666]
[146.42246248 160.804394  ]
[137.73506582 155.85170388]
[130.54777295 148.89880369]
[120.61886592 150.08909995]
[117.96120046 140.44872577]
[112.86255318 131.84617987]
[103.12220036 129.58221721]
[ 94.07836055 133.84941319]
[ 85.39766322 128.88499038]
[ 75.97458782 125.53750627]
[ 66.55911311 128.90630964]
[ 63.42973696 138.40404647]
(63, 140)
(50, 140)
(50, 140)
