(250, 200)
[250.85093691 190.03627046]
[248.97546713 180.21371412]
[240.04299911 175.71804787]
[230.05113571 175.31472937]
[220.15447091 173.88084449]
[221.59535661 163.98519653]
[222.28446194 154.0089681 ]
[217.72420143 145.10930383]
[217.4038577  135.11443615]
[219.97029081 125.44937427]
[210.24676673 123.1141913 ]
[200.34044719 121.7486023 ]
[190.56398258 123.85115782]
[181.73381261 128.5445679 ]
[171.74576369 129.03332022]
[163.12219062 123.97031839]
[155.13787523 129.99117445]
[145.52615917 127.23166103]
[138.94212816 134.75831604]
[131.51708108 141.4567245 ]
[121.69594743 139.57381878]
[115.5126194 147.4329825]
[105.92543085 150.27653937]
[ 98.66727557 157.15543332]
[ 91.97384292 149.7259004 ]
[ 89.5777296  140.01721146]
[ 79.75918769 141.91358557]
[ 69.87718757 140.38189575]
[ 63.1788261  132.95680628]
[ 65.69248679 131.53886946]
[ 68.15909262 132.86967463]
[ 66.21375282 137.02682413]
(63, 140)
(50, 135)
(50, 135)
