(250, 200)
[242.91576027 192.94212869]
[241.05452057 183.11686601]
[240.45012293 173.13514755]
[232.08710208 167.65245822]
[224.84727335 160.75427875]
[215.02819049 162.64784994]
[208.36778108 170.10700179]
[199.79326767 175.25265236]
[192.40334491 168.51551338]
[182.40984239 168.8759399 ]
[175.03024606 162.12749134]
[166.3210832  167.04180535]
[158.39777992 160.94088204]
[148.42316542 161.65296741]
[140.27373383 167.44837635]
[132.27708715 161.44390786]
[124.31906666 167.49947636]
[118.02296277 175.26858672]
[109.67857114 169.75758605]
[104.27434911 161.34364618]
[ 96.25550539 155.36885367]
[ 89.24516364 148.23757689]
[ 89.006793   138.24041832]
[ 80.24865661 133.41392405]
[ 81.19553891 123.45885429]
[ 77.80963117 114.04951697]
[ 78.32838705 104.06298142]
[ 68.8300617  100.93539199]
[ 65.04439218 109.48470239]
[ 66.33657033 119.40086473]
[ 64.41498167 122.57481832]
[ 60.94788064 129.57767992]
[ 61.70052594 138.35892005]
(63, 140)
(50, 140)
(50, 140)
