(250, 200)
[244.78720747 191.46613839]
[240.41554208 182.47233265]
[230.69675755 184.82716329]
[221.50769406 188.77192085]
[214.25766364 181.88446422]
[207.27157456 174.72942687]
[201.84212056 166.33174689]
[197.43274405 157.35636952]
[188.32360238 153.23041048]
[181.01601988 160.05677393]
[172.05713966 155.61397467]
[163.38672813 160.59633995]
[154.00795919 164.06602197]
[144.00795952 164.06857885]
[137.51766103 171.67620827]
[127.98106054 168.66734619]
[118.0110269  169.44092822]
[111.02436364 162.28645155]
[104.02938512 155.14010453]
[ 95.74065907 149.54573054]
[ 90.43297653 141.07056057]
[ 89.33715391 131.13078327]
[ 81.40168478 125.0456925 ]
[ 71.40199478 125.12443298]
[ 61.83269585 128.02762399]
[ 67.64387549 135.59841172]
[ 66.01867153 137.73104421]
(63, 140)
(50, 140)
(50, 140)
