(250, 200)
[240.16620465 198.18438193]
[239.78151034 188.19178415]
[231.31957774 182.86302288]
[221.93141421 179.41884147]
[224.77024066 169.83025115]
[216.39711989 164.36299876]
[209.03112638 157.59970522]
[200.0495447 161.9964302]
[195.26798744 153.21367948]
[185.60875003 150.62541122]
[177.76862207 156.83285784]
[168.08927862 154.32082469]
[160.17901929 148.2029985 ]
[158.76418271 138.30359259]
[149.90179193 133.67131134]
[139.90193614 133.61760687]
[129.90821376 133.26332879]
[121.93310758 127.23027969]
[113.62030331 121.67174705]
[104.75036184 126.2895537 ]
[ 95.79143675 121.84684493]
[ 86.45442084 125.42736641]
[ 79.00293935 118.75837672]
[ 72.27003944 125.09109212]
[ 69.98019309 124.22130581]
[ 68.57555469 126.28300186]
[ 68.5975457  132.90756792]
[ 65.14343959 136.71441993]
(63, 137)
(55, 137)
(44, 137)
