(250, 200)
[254.07621961 190.86849225]
[257.1760049  181.36105668]
[250.25639338 174.14170932]
[242.0421326  168.43855932]
[238.7249371  159.00477885]
[229.33280689 155.57142916]
[224.6724795 146.7237544]
[217.62422174 139.62994988]
[207.71915759 138.25528475]
[198.68003283 142.53245947]
[194.11119366 133.6371962 ]
[189.41559118 124.80819187]
[180.11868727 121.12477258]
[171.0635383  125.36791728]
[161.08939545 126.08657892]
[151.4479788  128.74046002]
[144.94493555 136.33719804]
[137.50990302 143.02452121]
[132.19154481 151.49299604]
[122.24455849 150.46466584]
[120.07227113 160.22587313]
[110.92603424 164.26893517]
[104.6797884  172.07818692]
[ 95.30207677 168.60564829]
[ 87.37665005 174.70381287]
[ 82.56272866 165.93875949]
[ 73.70306932 161.30125624]
[ 69.05997284 152.44452687]
[ 64.55354063 143.51748544]
[ 63.79329252 141.77241297]
(63, 140)
(55, 140)
(45, 140)
