(250, 200)
[249.20107416 190.03196521]
[245.62425007 180.69353229]
[237.16446447 175.36136316]
[228.05974997 171.2256439 ]
[225.30322719 161.61306973]
[215.34473312 160.70290721]
[205.982295  164.2164172]
[196.02889027 165.18064446]
[188.02447072 171.1747472 ]
[180.66055162 164.40919508]
[171.99597702 159.41668599]
[162.4123255  156.56123095]
[160.68086911 146.71226863]
[152.35650152 141.17106801]
[142.35719765 141.05307599]
[135.06807297 134.20700694]
[125.11755677 135.2006001 ]
[118.78846005 142.94285653]
[111.81205454 150.10733601]
[105.20851508 157.61688104]
[ 95.91714057 153.91953609]
[ 88.3832539  160.49529094]
[ 80.17990582 154.77645538]
[ 71.34390352 150.0940347 ]
[ 77.8404195  142.49171399]
[ 77.19983375 132.51225259]
[ 68.72526604 127.20360849]
[ 60.15901658 130.51581655]
[ 61.65816689 134.00574381]
[ 64.62648126 134.32885306]
(63, 137)
(55, 137)
(42, 137)
