(250, 200)
[244.94468399 191.3719191 ]
[235.43011351 194.44973465]
[228.35587239 187.38184157]
[224.36818401 178.21132678]
[225.89366904 168.32836693]
[230.86698335 159.65276063]
[222.66657348 153.92971266]
[214.36976853 148.34732719]
[205.93517869 142.97539139]
[200.54975548 134.54940677]
[192.99063078 128.00267981]
[183.1165649 129.5847111]
[176.13750903 136.74660884]
[167.13414585 132.39466084]
[157.79276564 135.96378058]
[147.90125423 137.43279459]
[138.41948119 140.61021177]
[130.92059628 133.99456932]
[121.94528404 138.40407838]
[112.10655986 136.61536193]
[105.17853746 129.40408564]
[ 96.16006324 125.08353905]
[ 87.84792339 130.64306521]
[ 79.81268897 124.6903341 ]
[ 74.98080682 115.93516905]
[ 65.9731763  120.27827766]
[ 60.61908914 128.72420867]
[ 51.60849163 133.06115835]
[ 50.96241617 143.04026585]
[ 58.90360818 149.11788623]
[ 63.42888001 141.15476912]
[ 65.02279485 135.6904762 ]
(63, 137)
(55, 137)
(42, 137)
