(250, 200)
[256.19442775 192.14958187]
[256.80034904 182.16795578]
[250.80537537 174.16418849]
[245.52450171 165.67228803]
[241.86771502 156.36487641]
[244.33830647 146.67487239]
[246.19810486 136.84933679]
[248.04647521 127.02164494]
[238.73978342 123.36302664]
[228.74280429 123.60880758]
[218.83999303 122.21800596]
[209.05594307 120.15103561]
[199.10416338 121.13189294]
[190.9458036  126.91472665]
[182.33905649 132.00627889]
[173.22651454 136.12472267]
[164.06162693 132.12411834]
[154.85858331 128.21208713]
[151.19044011 137.51502889]
[146.14810632 146.15070315]
[140.93269251 154.68296304]
[132.15477635 159.47338973]
[122.19539728 158.57296282]
[113.24128005 154.12057193]
[107.01546533 146.29502205]
[104.57461297 136.59748423]
[ 94.6131517  137.47457564]
[ 91.96891277 127.83051008]
[ 82.59409187 124.35017487]
[ 78.00331328 115.4662145 ]
[ 71.50461317 121.89984635]
[ 66.68659707 129.44983081]
[ 63.58421844 131.45574841]
(63, 137)
(55, 137)
(42, 137)
