(250, 200)
[243.96758267 192.02441594]
[235.50295052 186.69994389]
[227.3205206  192.44866901]
[220.79004875 184.87549679]
[213.21731513 178.34451636]
[206.42948398 171.00112829]
[196.53053091 172.41912975]
[186.68780504 174.18569346]
[176.91136014 176.28834066]
[170.75867832 168.40516196]
[164.56284419 160.55585375]
[155.06865566 163.69597861]
[145.10785282 164.58051613]
[135.45007109 161.98682145]
[128.95310845 154.38488246]
[129.81501127 144.42209552]
[120.59093173 140.5599256 ]
[115.51246628 131.94545007]
[106.40963327 136.08530892]
[ 96.8490088  133.15367803]
[ 87.89555222 137.60739729]
[ 78.793809   141.74965155]
[ 71.48912737 134.92018405]
[ 70.70248702 142.66055175]
[ 62.76023423 138.4519399 ]
(63, 140)
(55, 140)
(50, 140)
