(250, 200)
[248.29401862 190.1465931 ]
[239.65713536 185.10633045]
[233.50849121 177.22000209]
[233.50450672 167.22000288]
[233.23234847 157.22370707]
[229.56717492 147.91959492]
[221.19291734 142.45408397]
[211.38666692 140.49514228]
[213.30963642 130.68177444]
[204.61475044 125.74224432]
[195.04059818 122.85509891]
[185.82043337 126.72660518]
[176.80929388 131.06242863]
[168.97468154 137.27683525]
[162.46314383 144.8662935 ]
[153.03879241 141.52240349]
[143.80044665 137.69448399]
[139.11052711 128.86245961]
[129.34980703 131.03693506]
[125.16958515 140.12130322]
[115.26339361 138.75478605]
[105.40161487 137.09788528]
[ 97.33704662 143.01081509]
[ 87.76540733 145.90628075]
[ 78.63091442 141.83675509]
[ 71.24938387 148.58308792]
[ 72.28276398 144.54797491]
[ 65.44198657 137.25388385]
[ 63.81204274 138.18847269]
[ 63.60164639 136.32164598]
(63, 135)
(55, 135)
(42, 135)
