(250, 200)
[254.11259668 190.88481769]
[258.38663433 181.84420918]
[253.67990588 173.02113107]
[243.87074178 171.07683184]
[234.135622   168.79047164]
[224.67000924 172.01571196]
[216.2980133  177.48468663]
[206.51549689 175.41047049]
[196.72231153 173.38722542]
[186.94027818 171.31073234]
[179.84940521 164.25952532]
[170.09878731 162.04018968]
[164.72850054 170.47582955]
[154.72850722 170.46426963]
[147.26217253 177.11662607]
[137.27000874 177.51243275]
[127.27442426 177.80957063]
[117.94408626 174.21168338]
[107.94498622 174.07752495]
[ 98.16409016 171.99568151]
[ 88.16903668 171.68118829]
[ 81.9919041  179.54522244]
[ 76.47562255 187.88612394]
[ 71.1462754  196.34768757]
[ 62.89604039 190.69670337]
[ 55.94567826 197.88645066]
[ 47.09530987 202.54166058]
[ 40.32804766 195.17931297]
[ 35.52043315 186.41079869]
[ 38.64634395 176.91192078]
[ 31.64627975 169.77055527]
[ 30.59514898 159.82595251]
[ 31.27470211 157.28607194]
[ 41.18625015 158.61317987]
[ 48.22708926 155.41024287]
[ 57.48751568 159.18443186]
[ 62.67758601 161.60512162]
[ 62.36312942 157.96904584]
[ 61.34979095 148.98017256]
[ 63.69155211 145.23618377]
[ 63.13934757 140.70749174]
(63, 140)
(50, 135)
(47, 135)
