(250, 200)
[253.07511128 190.48455515]
[255.30020042 180.7352486 ]
[252.09012987 171.26448057]
[245.24596795 163.97356515]
[235.25576081 163.531116  ]
[228.54774391 156.11474834]
[219.99027    150.94080977]
[212.28848182 144.56252953]
[203.48217156 139.82450255]
[194.41391168 135.60945063]
[184.41773406 135.88591582]
[174.96939152 139.16140406]
[165.00404032 139.99313442]
[159.14729214 131.88767325]
[151.9700202  124.92442921]
[142.16987465 122.93517126]
[132.18213042 123.43011086]
[125.38533208 130.76519997]
[115.43817057 129.73856572]
[109.33628811 121.81600109]
[ 99.35833637 122.4796871 ]
[ 89.37367579 123.03335959]
[ 82.8456421 115.4580856]
[ 74.50012241 109.94879334]
[ 69.34207704 118.51585631]
[ 61.91691606 125.21413851]
[ 61.71552225 134.53128449]
(63, 137)
(55, 137)
(42, 137)
