(250, 200)
[250.03383975 190.00005726]
[252.92571035 180.42733118]
[245.70804979 173.50596021]
[246.02807977 163.51108248]
[237.90929494 157.67281793]
[228.05417549 159.36887827]
[224.07161803 150.19613407]
[216.84642273 143.28262896]
[207.67119887 147.2594703 ]
[200.18108393 140.63390027]
[199.7022478  130.64537105]
[192.51705473 123.69030092]
[182.83604747 126.19591434]
[173.20891739 128.90116227]
[168.29378823 137.60986512]
[161.23128381 144.68948597]
[156.79548953 153.65183661]
[148.2855582  158.90360477]
[138.33021225 157.95963071]
[134.72917721 148.63050714]
[127.41812242 141.80786265]
[123.55644313 132.58357768]
[114.17608022 129.11820734]
[104.41764502 126.93350083]
[ 94.42251345 126.62149949]
[ 86.91477309 129.18397863]
[ 80.42207366 121.57839817]
[ 74.17786981 113.76751357]
[ 65.81866293 119.25601613]
[ 57.96752601 125.44953283]
[ 48.7959094  129.43468637]
[ 39.17415714 132.15899978]
[ 42.18194088 141.69594043]
[ 47.13000157 140.48962988]
[ 57.11087918 141.10775772]
[ 67.10218435 140.69083932]
[ 66.93446204 135.04260306]
(63, 137)
(55, 137)
(42, 137)
