(250, 200)
[240.01461798 200.5405052 ]
[232.5571563 193.8782034]
[234.85462167 184.14569843]
[229.15505387 175.9289517 ]
[222.31427466 168.63486232]
[212.39041471 169.86652932]
[204.21617912 164.10615845]
[194.9877611  160.25436656]
[188.45494376 152.68321752]
[179.67583205 147.89498221]
[172.10745449 154.43101014]
[162.50640683 157.22741567]
[152.50645635 157.25888662]
[143.60194482 161.80967493]
[133.62853475 162.53843524]
[130.0178437  153.21304462]
[120.23532657 151.1388319 ]
[111.84764534 145.69394405]
[105.56662723 137.91263237]
[ 95.56719713 138.01939309]
[ 90.01201956 135.1547952 ]
[ 80.1024195  136.49637135]
[ 79.46047768 132.92215986]
[ 74.76882878 135.09822694]
(63, 137)
(55, 137)
(42, 137)
