(250, 200)
[244.84809687 191.42924191]
[236.11749121 196.30535971]
[226.86571596 192.51001325]
[222.23783894 183.64532181]
[212.48179289 181.44997095]
[203.3095141  177.46634173]
[198.91225284 168.4850226 ]
[200.87526167 158.67958552]
[190.99517883 157.13557672]
[184.2535423  149.74975673]
[176.19730024 143.82548768]
[180.99747755 135.05289982]
[176.63275352 126.05572336]
[166.82972863 128.03074311]
[156.83694869 127.65081023]
[147.24347967 130.47310579]
[141.44608707 122.32508523]
[131.82663461 125.05750803]
[122.59509559 121.21320219]
[117.53711872 129.8397235 ]
[111.18411795 137.56237726]
[102.71975561 132.23747631]
[ 92.78795087 131.07160553]
[ 85.85425721 138.27742902]
[ 79.80678578 146.2416044 ]
[ 71.33511091 140.92834505]
[ 62.06550376 137.17676095]
(63, 137)
(55, 137)
(42, 137)
