(250, 200)
[248.05838794 190.19030364]
[244.12238769 180.99748568]
[238.04587394 173.05544686]
[232.70237572 164.60281256]
[224.58398841 158.76399525]
[214.87124059 161.14360233]
[209.56440409 152.66790258]
[200.63657206 148.16303684]
[190.63684399 148.23678237]
[181.23996183 151.65710482]
[171.35576807 150.13963531]
[162.60326295 145.30293661]
[154.30215674 150.87892402]
[144.52242184 148.79163261]
[135.02373864 145.6651302 ]
[128.6834307  153.39820819]
[122.89639731 161.55358952]
[114.64532589 155.90382665]
[109.20647668 147.51222851]
[103.91698138 139.02569568]
[ 96.97476327 146.22330693]
[ 89.61285443 152.99104645]
[ 81.58974624 158.96011129]
[ 72.76642199 154.25384429]
[ 69.37057518 151.0887257 ]
[ 74.7806904  143.40953344]
[ 77.27241313 133.72494167]
[ 79.0050477  136.00071571]
[ 78.49464245 138.53069298]
(63, 137)
(55, 137)
(45, 137)
