(250, 200)
[243.0091253  192.84963841]
[234.71211533 187.26755764]
[233.00334035 177.41463482]
[225.21236847 171.14560324]
[215.2325775  171.78103399]
[205.35533957 170.21892932]
[196.666664   175.16937543]
[186.67631191 174.73021115]
[176.68804147 174.24600713]
[167.22501495 177.47882773]
[157.30277582 176.23417087]
[147.97809669 172.62164279]
[138.12470262 170.91558732]
[132.45743809 162.67652714]
[127.89069887 153.78018559]
[118.3472087  156.76712305]
[110.77924389 163.3036289 ]
[104.06320042 155.89452908]
[ 99.32092114 147.090508  ]
[ 99.36939842 137.0906255 ]
[ 95.02917034 128.08160667]
[ 89.87626734 119.51144969]
[ 81.56225491 113.95472428]
[ 75.21473658 121.68188489]
[ 73.79389347 130.52358907]
(63, 137)
(55, 137)
(43, 137)
