(250, 200)
[240.24295185 197.80910718]
[231.0302783  193.91980824]
[222.96287936 188.01074113]
[218.67978355 178.97442051]
[211.34114269 172.18145722]
[201.3539227  171.67604953]
[192.46994671 176.2667979 ]
[182.71188973 174.08040269]
[172.88811327 175.94947093]
[163.60754635 172.22508135]
[155.02815418 177.3625934 ]
[146.96655077 171.445622  ]
[142.64919982 162.42561752]
[137.24933612 154.00887991]
[131.04579113 146.1656644 ]
[125.90537768 137.58801032]
[117.61413846 131.99736168]
[109.57070891 137.93901475]
[101.94903475 131.46521502]
[ 92.64535307 127.7989489 ]
[ 83.74404954 123.24188895]
[ 78.69224636 131.87202711]
[ 74.51200785 140.95638762]
[ 65.20230674 139.12701859]
(63, 140)
(50, 135)
(50, 135)
