(250, 200)
[243.65580044 192.27011437]
[247.93537331 183.23212476]
[248.84731323 173.2737933 ]
[240.33401211 168.02748945]
[230.62622722 165.62771602]
[227.64547331 156.08229271]
[228.88674874 146.15963   ]
[230.73665873 136.33222785]
[222.35773866 130.87386743]
[214.55629436 124.61787296]
[205.30665139 128.41841303]
[195.76284817 131.40435011]
[188.09786136 137.82680892]
[179.62456793 143.1374867 ]
[172.49268422 150.14721099]
[162.49933833 149.78246724]
[152.95253313 152.75879224]
[142.95988252 152.37547299]
[142.46835173 142.38756042]
[135.0732628  135.65609255]
[128.11760533 128.47146806]
[120.4008063  122.11135699]
[110.8582856  125.10139021]
[101.19413273 122.53153626]
[ 91.26506275 123.72047244]
[ 82.33349108 128.21791922]
[ 74.13494936 122.49219537]
[ 69.9758267 131.5862428]
[ 73.0941798  132.51024583]
(63, 137)
(55, 137)
(44, 137)
