(250, 200)
[240.3962218 197.2129865]
[233.2950144  190.17218729]
[226.30862846 183.01743981]
[221.01485435 174.53357539]
[211.11956135 173.09025401]
[206.9010267  164.02361377]
[197.5565135  160.46270475]
[187.64731676 161.80725672]
[179.75137978 155.6709566 ]
[170.38735064 159.18022407]
[167.90176353 168.86639239]
[162.75381917 177.43952886]
[153.38339974 173.94736052]
[143.4014629  173.34658022]
[133.59222628 171.40264686]
[123.67452766 170.12231327]
[116.58985404 163.0648775 ]
[106.8491078  160.80260812]
[100.50137008 153.07562773]
[ 93.86009019 145.59943877]
[ 83.91382984 144.56411031]
[ 79.36807769 135.65702676]
[ 76.08902287 126.20992141]
[ 71.04518168 117.57512749]
[ 63.71272704 124.37476784]
[ 69.36534141 125.83800658]
[ 70.11693835 133.67785197]
[ 73.48018663 136.44463287]
(63, 137)
(55, 137)
(44, 137)
