(250, 200)
[240.48053616 203.06264726]
[231.10441763 199.58580943]
[223.57703661 193.00260847]
[219.62511391 183.8166242 ]
[219.14990018 173.82792199]
[217.08799446 164.04280345]
[208.91916909 158.27476287]
[201.3843254  151.70010466]
[193.88228004 145.08804633]
[187.00868114 152.35121631]
[178.07026142 147.86739507]
[169.59982487 142.5521618 ]
[165.99789764 133.22338266]
[160.42279604 124.92168149]
[151.18641596 121.08902146]
[141.18871279 121.30333729]
[131.18964948 121.44020542]
[121.19569623 121.78791011]
[113.2836473  127.90342168]
[105.67702441 134.39489979]
[ 98.14031388 140.96741791]
[ 93.09948137 149.60396859]
[ 83.83757981 145.83340107]
[ 76.09791115 152.16566204]
[ 68.98452405 159.19415577]
[ 61.6421937  152.40518051]
[ 57.65749428 143.23336659]
[ 55.56650285 133.45442213]
[ 57.85500402 123.71980542]
[ 67.70787949 125.4288534 ]
[ 73.47073323 125.9153642 ]
[ 78.47997504 127.400156  ]
[ 77.23891493 132.31605317]
(63, 137)
(55, 137)
(44, 137)
