(250, 200)
[240.91393288 195.82347223]
[235.83133231 187.2114358 ]
[226.62632431 183.30402901]
[216.63887505 182.80317251]
[217.50627504 172.84086268]
[210.39409679 165.81114571]
[208.54819253 155.98299037]
[201.18304569 149.21877482]
[192.07000567 145.10143326]
[182.58241641 141.94142532]
[180.52997189 132.15431791]
[172.19625657 126.62718583]
[162.47013124 124.30286097]
[152.47268247 124.52873257]
[142.72642206 122.29033849]
[133.10178591 125.00444591]
[133.00269128 135.00395491]
[126.36579324 142.48403408]
[121.20351546 151.04854738]
[113.13006167 156.94933918]
[108.47576067 165.80018559]
[ 99.0167425  162.55565555]
[ 89.02640422 162.99513382]
[ 79.03242292 162.6482364 ]
[ 75.597351   153.25673594]
[ 72.33502495 143.80384068]
[ 81.3830941  139.54561985]
(63, 137)
(55, 137)
(44, 137)
