(250, 200)
[245.12579712 191.26832511]
[237.68868871 184.58331065]
[239.34037396 174.72065706]
[233.10810782 166.90024411]
[223.81341262 163.21125492]
[214.98624262 158.51220505]
[205.57711383 155.12571787]
[196.36632422 159.01947631]
[188.43870261 152.92416536]
[181.41488635 148.67657204]
[174.51455369 141.43879551]
[165.638685   136.83239182]
[159.22882874 129.15686299]
[152.91352792 121.40334924]
[144.79953567 127.24827265]
[136.61113989 132.98849692]
[131.16073532 124.60439948]
[121.2929707  126.22527007]
[112.17796004 130.33824716]
[103.1022105  134.53714826]
[ 94.38336396 139.43426117]
[ 85.64954546 141.80994241]
[ 80.03183839 144.75259765]
[ 76.54767119 139.92055398]
(63, 137)
(55, 137)
(44, 137)
