(250, 200)
[242.24681226 193.68429894]
[232.53222508 196.05638576]
[222.7294903  194.07992661]
[218.64344221 184.95281255]
[212.41600513 177.12855365]
[204.98638604 170.43521665]
[195.00562618 171.05524294]
[189.95101073 162.4267516 ]
[182.92790366 155.30804617]
[174.9128443  161.28791434]
[168.36517042 168.84621883]
[158.5902214  170.95580925]
[154.48619824 161.83676358]
[144.7660872  164.18611271]
[134.76889434 164.42304088]
[126.40177074 169.89946697]
[120.25884812 162.0086811 ]
[110.48917579 159.87478733]
[101.8515219  154.83584545]
[ 97.10983732 146.03150406]
[ 91.99594386 137.4380127 ]
[ 88.74825633 127.98007816]
[ 83.83477381 119.27044616]
[ 75.95777656 113.10985251]
[ 71.26627917 121.94103885]
[ 71.79549681 131.92702547]
[ 65.73023074 139.82032153]
(63, 140)
(50, 135)
(50, 135)
