(250, 200)
[240.91988625 195.81054486]
[243.28369447 186.09393997]
[245.83796111 176.42565563]
[238.38927439 169.75354455]
[232.43998106 161.71576446]
[224.08231604 156.2249143 ]
[219.44372592 147.36582396]
[210.52961188 142.83387395]
[200.98438506 145.815257  ]
[196.02009253 137.13448516]
[193.51219803 127.45406858]
[183.51320613 127.59605735]
[175.35535486 133.37960841]
[165.51813592 131.58263218]
[157.179377  126.0631123]
[148.35983358 121.34976384]
[140.11686982 127.01134918]
[130.69665922 123.65581164]
[131.9939182  131.46491563]
[122.21422661 133.55240993]
[114.35142823 139.73111543]
[104.81708813 136.71509835]
[100.01800393 127.94191245]
[ 93.36594231 120.47531509]
[ 83.39790645 119.67640261]
[ 73.71632932 122.17981311]
[ 73.93328493 122.42626421]
[ 78.73944465 131.19557597]
[ 78.54455381 132.5711387 ]
[ 78.53733099 138.95457999]
(63, 137)
(60, 137)
(44, 137)
