(250, 200)
[241.47221475 194.77727287]
[240.84218757 184.79713931]
[230.84220679 184.81674739]
[220.87175087 184.04862716]
[211.53438827 180.4690099 ]
[205.87103675 172.2272595 ]
[196.49407047 175.70181033]
[186.53559224 174.79147452]
[176.79800205 177.06729026]
[168.1602063  172.02859156]
[159.81511393 177.53853106]
[152.84563294 170.36731535]
[142.90555249 171.46038478]
[136.0766849  164.15514232]
[129.23899093 156.85816067]
[121.48160579 163.16870548]
[116.65693594 171.92784703]
[106.8885611  169.78802155]
[ 98.50480225 175.23894693]
[ 88.50503037 175.17140098]
[ 78.70179743 173.19741417]
[ 68.87686669 175.06040531]
[ 63.23213554 166.80589077]
[ 58.6025982  157.94206632]
[ 56.10557615 148.25883953]
[ 55.24703845 138.29576205]
[ 58.91372801 128.99224725]
[ 66.90266037 135.00697582]
[ 68.05221665 133.55113128]
[ 77.96598612 132.24072112]
[ 82.50097358 131.16819338]
[ 82.89947232 135.72025744]
[ 82.1199921  138.23219798]
[ 76.23686696 139.34759302]
[ 76.8997367  138.67984476]
(63, 137)
(60, 137)
(44, 137)
