(250, 200)
[241.61153254 194.55632351]
[231.61188503 194.47236154]
[223.07608161 189.26274928]
[216.90279476 181.39569586]
[207.64761232 177.60866564]
[197.64863533 177.46563004]
[187.68242833 176.64421783]
[177.68303851 176.5337494 ]
[177.62035938 166.53394583]
[167.79823228 164.65622937]
[160.85368601 157.4608644 ]
[155.92061187 148.76231397]
[157.67706759 138.91777928]
[152.80035774 130.1875043 ]
[142.86658246 129.03854448]
[134.12764693 124.17737118]
[124.53394924 121.35585305]
[114.78048728 123.56265615]
[104.78834949 123.16619383]
[ 94.81939079 123.95350727]
[ 86.88244933 117.87033702]
[ 80.06146276 110.55773542]
[ 70.59501516 107.33494629]
[ 61.69966141 111.90360931]
[ 53.59657449 117.76364193]
[ 45.34842803 123.41767412]
[ 38.01510726 130.21638035]
[ 43.40578746 138.63900269]
[ 51.8385166 144.0138589]
[ 59.58511566 137.69007815]
[ 68.30157799 136.77805869]
[ 71.65663114 134.91891068]
[ 71.28035089 135.94649443]
(63, 137)
(60, 137)
(44, 137)
