(250, 200)
[251.74474594 190.15338324]
[242.49643409 186.34960513]
[236.39904914 178.42357859]
[234.83836222 168.54611656]
[225.24642733 165.71861143]
[215.42014721 167.57447215]
[208.55127547 160.30683147]
[198.55299972 160.49252487]
[190.71953692 166.70838045]
[180.75685512 165.84526321]
[170.89931409 167.52719213]
[161.65263605 171.33494018]
[151.8609239  169.30457735]
[143.52746886 163.77705286]
[138.08792931 155.38590219]
[128.53554956 152.42751732]
[120.57661909 146.37314487]
[115.73054005 137.62582997]
[107.16549091 132.46444129]
[ 97.16843836 132.70721758]
[ 90.37922715 125.3651054 ]
[ 81.90364206 120.05808577]
[ 77.11317942 124.73483466]
[ 69.30131383 130.97781121]
[ 72.1480498  136.61975207]
[ 72.57252885 137.12255223]
(63, 137)
(60, 137)
(44, 137)
