(250, 200)
[243.8170029  192.14057592]
[233.98422729 190.31944333]
[229.50792537 181.37725562]
[232.41814368 171.8100915 ]
[226.96142865 163.43009979]
[218.17568203 158.65404949]
[214.65549394 149.29412023]
[206.01561114 144.25900105]
[196.57680242 140.95614019]
[196.94634053 130.96297044]
[187.0196154 129.7546128]
[177.31888681 132.182753  ]
[169.772808   125.62099297]
[161.17309376 130.72441485]
[154.82159611 123.00052479]
[146.82696746 129.00767991]
[145.54129929 138.9246884 ]
[135.79939061 141.18194678]
[125.79950387 141.13435361]
[119.5042489  133.36455536]
[110.44228458 129.13598555]
[100.82276593 126.40379576]
[ 91.99772294 131.10683904]
[ 82.00857527 130.64108276]
[ 75.10396328 137.87477706]
[ 81.32021208 145.70792782]
[ 81.89384487 140.90013294]
[ 83.93757596 140.99007146]
(80, 136)
(60, 136)
(50, 136)
(45, 136)
