(250, 200)
[240.51562598 196.830355  ]
[230.52248539 197.2006807 ]
[221.75064736 192.39913329]
[220.92025985 182.4336701 ]
[217.83030788 172.92303412]
[210.20128954 166.45789072]
[200.22509226 165.76833457]
[199.83294103 155.77602666]
[196.03720685 146.52441048]
[186.44957935 143.68233395]
[176.72714717 146.02205882]
[166.9537114  143.90546882]
[157.09775298 145.59664697]
[152.70591094 136.6126766 ]
[146.01458241 129.18124857]
[137.20259008 124.45379776]
[127.31707513 125.96263641]
[117.47235757 124.20720591]
[108.29847746 128.18714608]
[100.5882786  121.81903541]
[ 91.1698525 125.1795785]
[ 84.90975228 132.97772861]
[ 85.43253916 135.69469499]
(80, 136)
(60, 136)
(50, 136)
(45, 136)
