(250, 200)
[253.44983904 190.61391399]
[254.53799803 180.67329479]
[250.00387584 171.76028543]
[247.92825757 161.97806641]
[240.07448241 155.78789551]
[237.35720027 146.16415519]
[238.96037799 136.29350065]
[229.02719229 135.1394548 ]
[224.48704254 126.22951427]
[214.52390456 127.08734972]
[205.15529628 123.59032545]
[195.41914722 121.30835227]
[186.05523977 124.81794445]
[176.09714332 125.73244713]
[169.07328825 132.85041453]
[159.61485768 129.60417192]
[149.75407759 127.94133816]
[144.99809254 136.73796286]
[138.65210643 144.46638186]
[129.01881853 147.1496195 ]
[122.1683956 154.4346525]
[127.54613682 162.8655421 ]
[120.62820395 170.08649806]
[110.84767558 172.17006824]
[101.32360352 169.1217816 ]
[ 93.20314511 163.28584507]
[ 87.9258061  154.79174753]
[ 83.11312564 146.02601272]
[ 78.88329498 136.96463685]
[ 84.73683905 139.49461809]
[ 84.03596138 135.64323443]
(80, 136)
(60, 136)
(50, 136)
(45, 136)
