(250, 200)
[243.20308204 192.66502173]
[234.00608965 188.73878549]
[237.20705058 179.26493468]
[232.18912757 170.61505326]
[224.77094803 163.90904011]
[215.84083828 159.40869126]
[208.07903266 153.10358431]
[198.0794418  153.01312669]
[189.796623   147.41001036]
[184.58253889 138.87693782]
[181.58082034 129.33808644]
[174.05387521 122.7543871 ]
[164.08011295 122.03046278]
[154.65252958 125.36522991]
[144.65893343 125.00740862]
[134.72139604 123.89145588]
[126.89807815 130.12007509]
[121.20057028 138.33825031]
[113.93703158 145.21145957]
[105.05869866 149.81311195]
[ 99.38435176 141.57892789]
[ 93.85362243 133.24759947]
[ 84.78112343 129.04167962]
[ 77.55841893 130.30611337]
[ 76.31079831 132.06846137]
[ 75.5329413  135.20289406]
[ 80.8965898  136.94329764]
(75, 137)
(60, 137)
(50, 137)
(44, 137)
