(250, 200)
[240.98417144 204.32606464]
[236.8482057 195.2214621]
[234.05519243 185.61942706]
[231.34686444 175.99316302]
[233.76973357 166.29111657]
[224.43262763 162.7108299 ]
[214.55835555 164.29157369]
[204.65383341 165.67013858]
[195.25603149 162.25234411]
[185.44394356 160.32285444]
[176.81269957 165.37276802]
[169.8915829  158.15486362]
[161.91793882 152.11988225]
[152.00881322 150.77480611]
[142.72356298 147.06210789]
[138.27137824 138.10788816]
[130.80181651 131.45915537]
[125.2253649  123.15836099]
[115.22539149 123.13529908]
[105.52553614 125.56692531]
[ 98.14397893 132.31322898]
[ 91.75344989 140.0048568 ]
[ 82.74151342 144.33902352]
[ 77.41489171 138.22958287]
(75, 137)
(60, 137)
(50, 137)
(44, 137)
