(250, 200)
[241.18585881 204.72344313]
[233.46396431 198.36951952]
[223.92837911 195.35744133]
[221.6029117  185.63158912]
[212.72546506 181.02822718]
[210.11028262 171.37624185]
[200.41659424 173.83233746]
[190.60445209 171.9031235 ]
[180.89671905 174.30310665]
[175.83976995 165.6759828 ]
[166.3939197  168.95865139]
[156.66303973 171.26298972]
[146.71522786 170.2426766 ]
[137.40265817 166.59904573]
[130.97537995 158.93809967]
[123.28673952 152.54397671]
[113.89592878 149.10701967]
[103.90782571 149.59466393]
[ 98.08916483 141.46181783]
[ 96.803626   141.43530737]
[ 89.68404552 145.98574492]
[ 87.54343444 138.89216864]
[ 88.38213832 135.9616458 ]
[ 85.20844507 135.28441927]
(75, 137)
(60, 137)
(50, 137)
(46, 137)
