(250, 200)
[244.84234699 191.43270081]
[238.09901815 184.04842588]
[242.33307165 174.98902242]
[241.95656251 164.99611289]
[241.90487449 154.99624648]
[235.11590971 147.65390645]
[226.81429996 142.07866873]
[217.48806144 138.47016833]
[208.71453011 133.67171566]
[199.31893397 130.24786212]
[189.92908607 126.80827545]
[179.93804881 126.3849855 ]
[169.9381038  126.35182092]
[160.39996538 129.35580417]
[153.54873705 136.64007974]
[147.4206659  144.54240496]
[137.44052587 143.91248035]
[129.92997309 150.51487362]
[121.17759734 155.35180641]
[116.93078819 164.40523736]
[107.40474218 161.363125  ]
[ 99.17867144 155.67702263]
[ 89.27608191 157.06940206]
[ 82.76221942 164.65686511]
[ 74.61413731 158.85955901]
[ 69.33025096 150.3695328 ]
[ 66.5063206  140.77654488]
[ 75.03575752 135.55651557]
(63, 137)
(55, 137)
(44, 137)
