(250, 200)
[240.75948501 196.17731996]
[234.75350428 188.181809  ]
[230.62522044 179.0737207 ]
[225.09486736 170.74214253]
[215.29350138 172.72537849]
[205.7977582  169.58995803]
[198.58708028 162.66131286]
[193.73555523 153.9170173 ]
[185.31725866 148.51958432]
[175.98190319 152.10443275]
[166.4566196  149.05993403]
[162.08243947 158.05251699]
[152.12193263 157.16465249]
[142.14830626 157.89044662]
[137.45167135 166.71890179]
[127.51797669 165.5692452 ]
[122.08087689 157.17651347]
[116.24994148 149.05246324]
[106.56541952 146.56046919]
[103.20466901 137.1421171 ]
[ 93.78742024 140.505958  ]
[ 83.92221649 142.14234269]
[ 74.17756914 144.38774868]
[ 76.90205134 141.64782532]
(63, 137)
(60, 137)
(44, 137)
