(250, 200)
[243.4687603  192.42748998]
[233.9948092  195.62815406]
[226.06696406 189.53313384]
[219.49236193 181.99824123]
[212.84099498 174.53102503]
[203.67497739 170.53301033]
[201.37533222 160.80102019]
[191.56574756 158.85884388]
[182.22984183 155.27542871]
[174.15696494 161.17700974]
[165.98789561 166.9447048 ]
[160.01555171 158.92403722]
[155.29960031 150.10588535]
[146.44480178 154.75266306]
[136.73747208 157.15427715]
[127.15604492 154.29136716]
[122.38996935 145.50020549]
[116.11945084 137.71043029]
[107.94711181 131.94736905]
[100.38004293 138.48491204]
[ 94.41878148 146.51381994]
[ 85.20958762 142.61628887]
[ 76.71658599 137.33718635]
[ 83.2830589  132.94813911]
[ 84.78046867 135.49959366]
(84, 137)
(80, 137)
(75, 137)
(70, 137)
(60, 137)
(50, 137)
(43.5, 137)
