(250, 200)
[249.63015372 190.00684165]
[239.63164719 189.83402045]
[230.29978973 193.42796483]
[223.23119071 186.35442908]
[216.12903459 179.31458687]
[216.03587784 169.31502079]
[206.05597097 168.68141296]
[196.13310272 169.92104425]
[186.23679576 168.48469175]
[176.49459584 166.2286907 ]
[168.74916525 159.90347885]
[160.68576829 165.81800583]
[153.4119677  158.95565747]
[145.44148299 164.99481085]
[136.91850894 170.22538571]
[126.98196856 171.35018137]
[119.51152841 177.99792715]
[109.51152882 177.99505552]
[101.52111308 171.98229773]
[ 92.38993386 167.90534223]
[ 90.63808157 158.05998731]
[ 98.5668586 151.9661794]
[ 99.13137001 145.66600018]
[ 97.86902004 138.76295278]
[ 92.43164819 136.982376  ]
[ 90.67115904 132.70972117]
[ 89.75041676 135.35133227]
(84, 136)
(80, 136)
(75, 136)
(70, 136)
(60, 136)
(50, 136)
(43.5, 136)
