(250, 200)
[242.95513378 192.90282733]
[237.80956311 184.32826597]
[232.87910991 175.62822969]
[223.23946961 172.96790362]
[215.76136474 166.32878113]
[205.91839963 168.09401141]
[195.95176945 168.91027288]
[186.22925203 166.57090223]
[176.23569873 166.92991825]
[169.64533367 174.45102777]
[160.22519705 177.80677298]
[150.49607997 175.49500289]
[144.03441817 167.86303547]
[134.72345155 164.21531007]
[132.91884074 154.37948881]
[123.68107368 150.55017297]
[116.71640658 143.37428193]
[106.87066017 145.1239326 ]
[ 98.66110331 139.4140135 ]
[ 92.68613689 131.39529936]
[ 85.12768655 124.84779385]
[ 81.10079558 134.00116203]
[ 84.01344234 134.89869801]
[ 87.87077902 136.3285733 ]
[ 86.53547027 137.06442402]
(84, 136)
(80, 136)
(75, 136)
(70, 136)
(60, 136)
(50, 136)
(44, 136)
