(250, 200)
[249.25269852 190.02796207]
[250.86302177 180.15847074]
[245.4545379  171.74726974]
[241.40309003 162.60474437]
[238.03316047 153.18967269]
[228.90558124 149.10466383]
[220.98531228 142.99980186]
[212.99166278 136.99134386]
[207.49110305 128.64006595]
[198.2282976  124.87171947]
[188.4723881  122.67576187]
[179.14092437 126.27072845]
[171.56821355 132.80173533]
[162.01414691 135.75466787]
[155.735573   143.53795187]
[146.96516957 148.34211919]
[137.10587629 146.67049248]
[131.42914606 138.43795132]
[125.90955396 130.0992402 ]
[121.57237377 121.08875365]
[111.57258465 121.15369619]
[101.97917678 123.9761996 ]
[ 92.26167673 121.61607403]
[ 82.91033606 125.15901458]
[ 86.03824112 134.65723598]
[ 82.09720003 140.17623001]
[ 84.96392966 139.34907024]
(84, 136)
(80, 136)
(75, 136)
(70, 136)
(60, 136)
(50, 136)
(43, 136)
