(250, 200)
[242.58394369 206.70836111]
[235.51101938 199.63915029]
[232.82622347 190.00629656]
[223.32173398 186.89748976]
[217.86308768 178.51875594]
[217.29507786 168.53490073]
[207.30005633 168.85040764]
[197.43189617 167.23194695]
[187.53253239 165.81681555]
[179.67931098 172.00768895]
[170.13748108 169.01545198]
[164.23053535 160.94649962]
[155.05567722 164.92418466]
[145.8626217  168.85963003]
[135.86850254 168.51672743]
[133.66575346 158.7623491 ]
[124.49186513 154.78242789]
[115.03104927 158.02171229]
[110.05402214 149.34823542]
[108.72114747 139.43746123]
[103.10924589 131.16059222]
[ 96.85005702 123.36171059]
[ 86.94931552 121.95625058]
[ 77.43376934 125.03104827]
[ 71.06042228 132.73691923]
[ 75.67397747 141.60907278]
[ 81.2658698  138.43547734]
[ 87.00618586 135.23521582]
(80, 136)
(60, 136)
(50, 136)
(44, 136)
