(250, 200)
[243.45912029 192.43581514]
[233.89715996 189.50854428]
[226.91611648 182.34858396]
[217.72348562 178.41214674]
[210.55823354 171.43653475]
[200.85221339 169.02963363]
[195.82542856 177.67436811]
[186.38721772 174.36979913]
[176.61635419 176.49823183]
[169.24746146 169.73809721]
[163.05374346 161.88711911]
[154.91317627 156.07926529]
[148.31175272 163.59067043]
[138.74358797 160.68374363]
[132.03164753 153.27092666]
[122.2275324  151.30132603]
[113.10363761 147.20809457]
[103.12699346 146.52503409]
[ 96.51455512 139.02332367]
[ 96.66991238 129.02453054]
[ 93.11195782 133.21623785]
[ 88.19097622 135.26791909]
(84, 136)
(80, 136)
(75, 136)
(70, 136)
(60, 136)
(50, 136)
(43, 136)
