(250, 200)
[241.16471644 195.31622327]
[231.55843501 198.09459635]
[226.53353927 189.44876367]
[221.43216327 180.84783564]
[216.4006527  172.20585084]
[206.51134195 173.68960722]
[197.13731891 170.20712361]
[192.45281973 161.37222308]
[185.38146679 154.3014404 ]
[182.02218061 144.88256593]
[172.3535127  142.32975161]
[163.35176    146.68502981]
[153.54608571 148.64685341]
[150.24637454 158.0867637 ]
[145.75086465 167.01931042]
[136.52372762 170.87416997]
[128.8888381  177.33237886]
[120.6007873  171.73700453]
[110.67476093 172.9510888 ]
[100.7163324  173.86196814]
[ 92.55939118 179.64680262]
[ 86.350789   171.80758971]
[ 78.36341203 165.7907958 ]
[ 69.40801537 170.24061274]
[ 65.10151127 161.21542452]
[ 65.43602101 151.22102093]
[ 67.38959043 146.82692141]
[ 68.320222   136.87031933]
[ 62.89190842 128.47190212]
[ 63.65443449 118.5010168 ]
[ 73.6329576 119.1560561]
[ 80.01185581 126.85733246]
[ 77.52400954 131.51732376]
[ 82.65671353 136.19020477]
(84, 136)
(80, 136)
(75, 136)
(70, 136)
(60, 136)
(50, 136)
(44, 136)
