(250, 200)
[240.55204789 196.72338574]
[238.05505454 187.04015156]
[243.80163796 178.85621737]
[246.84433925 169.33035946]
[238.4750655  165.61943302]
[228.47952744 165.91812847]
[218.48339262 166.19613671]
[208.68779645 168.20767735]
[199.31552238 164.72048955]
[190.71231366 169.81801834]
[180.72002062 169.42548843]
[170.85970826 171.0910935 ]
[162.86546558 177.09876226]
[153.63097464 173.2615527 ]
[144.18804666 176.55261804]
[134.89649743 172.85571217]
[126.66021306 167.18441429]
[118.84431685 173.42234396]
[108.89455306 172.4212443 ]
[ 99.08174184 170.49543645]
[ 91.80764366 163.63340354]
[ 81.86519872 164.70475259]
[ 72.04797111 166.60791889]
[ 66.94304888 158.00909519]
[ 73.43551638 150.40331674]
[ 71.38075294 140.61669591]
[ 68.55506684 131.02422501]
[ 74.04803342 132.69259312]
[ 81.47778382 136.46930148]
[ 82.01704745 136.52186566]
(84, 136)
(80, 136)
(75, 136)
(70, 136)
(60, 136)
(50, 136)
(44, 136.5)
