(250, 200)
[240.00257159 199.77322869]
[238.95732748 189.82800548]
[230.56660753 184.38780155]
[234.07491687 175.02341339]
[231.04152235 165.49458777]
[221.08248903 164.59034486]
[214.7553468  156.84649109]
[205.5017506  153.05558652]
[199.84422994 161.30134059]
[189.84431896 161.34353404]
[181.47151824 166.81127655]
[172.6277843  171.47907795]
[163.50568037 175.57629896]
[154.82885465 170.60511244]
[146.6287857  176.32864886]
[136.93093521 173.88903907]
[132.99052669 164.69810981]
[126.44035585 157.14196913]
[117.26701597 161.12315432]
[107.35395406 162.43890641]
[ 98.66628677 157.48669104]
[ 93.34113396 149.02248715]
[ 90.2141619  139.52395854]
[ 86.75755898 141.48107222]
(84, 137)
(80, 137)
(75, 137)
(70, 137)
(60, 137)
(50, 137)
(44, 137)
