(250, 200)
[245.84504078 190.90404959]
[237.41244174 185.52898927]
[231.01357599 177.84429558]
[221.83671635 173.87123037]
[224.06664664 164.12302997]
[214.74609026 160.49987821]
[217.00444671 150.75822404]
[208.22806495 145.96498679]
[198.96599514 142.19483257]
[189.09305123 140.60581449]
[179.28109207 138.67567007]
[170.38225113 143.23753701]
[160.95607211 139.89880237]
[156.51167674 130.94071385]
[148.55697283 124.88078929]
[138.6076234  123.87557991]
[129.91029416 128.81080675]
[123.19310785 136.21887047]
[119.01088258 145.3023165 ]
[110.21281806 150.05563751]
[109.21072735 160.00530154]
[102.40481882 167.33193849]
[ 93.65719296 162.48642078]
[ 87.92854783 154.28992   ]
[ 85.04673549 153.09162002]
[ 79.29936602 144.90823782]
[ 84.20084375 137.06338326]
(84, 137)
(80, 137)
(75, 137)
(70, 137)
(60, 137)
(50, 137)
(44, 137)
