(250, 200)
[252.59909381 190.34366988]
[250.51709115 180.5628077 ]
[255.63553916 171.97202834]
[249.77016018 163.87281051]
[248.17987881 154.00007   ]
[239.72272395 148.66372935]
[229.8202233  150.05674081]
[219.95753049 151.70819188]
[210.32766392 149.01270125]
[201.30400975 144.70298368]
[192.24418859 148.93614332]
[182.25389229 148.49571198]
[179.61979018 158.14255116]
[171.85496695 164.44394149]
[162.31594618 161.44276126]
[153.5793258  156.57742835]
[146.35432783 163.49113968]
[136.66074107 165.9476363 ]
[127.83235289 170.64439712]
[120.94783827 177.89722129]
[112.60718482 172.3805647 ]
[106.21528476 164.69007618]
[ 98.86349695 157.91134355]
[ 92.58466132 150.1282707 ]
[101.0475842 144.8010823]
[ 98.62795716 148.20640198]
[ 96.02798295 144.23497446]
[ 95.20503295 137.45324163]
[ 88.17912902 135.73405185]
[ 86.9349813  138.89854974]
[ 85.890075   140.48913016]
(84, 137)
(80, 137)
(75, 137)
(70, 137)
(60, 137)
(50, 137)
(43.5, 137)
