(250, 200)
[253.29629707 190.55889701]
[252.81666012 180.57040622]
[249.33357245 171.19660761]
[253.94419465 162.32292952]
[246.075062  156.1522933]
[251.19842901 147.56444662]
[249.95873155 137.64158664]
[240.55819406 134.23132346]
[235.39221829 125.66904022]
[227.9252727  119.01736948]
[217.94444613 118.39841811]
[208.34216243 121.1905764 ]
[198.60337027 123.4612431 ]
[189.34686925 127.24504921]
[181.45173924 133.38238758]
[174.3257692  126.36665163]
[164.38274654 125.30067767]
[158.27909783 133.22188165]
[148.32151599 132.30179267]
[138.62928161 134.76361981]
[131.34817933 141.61822042]
[126.49447463 150.3613063 ]
[116.5212336  151.09237636]
[113.07181575 160.47861717]
[103.59499211 157.2864684 ]
[ 94.39181904 153.37474175]
[ 84.91351574 150.18698916]
[ 89.05423216 147.16833986]
[ 93.68275411 142.70384049]
[ 87.40140303 139.66943629]
(84, 137)
(80, 137)
(75, 137)
(70, 137)
(60, 137)
(50, 137)
(43, 137)
