(250, 200)
[249.68223693 190.00504994]
[256.67207107 182.85367114]
[258.98112045 173.12390799]
[253.10685675 165.03113184]
[244.81370352 159.44332282]
[236.29194186 154.21077294]
[233.32605166 144.66072083]
[237.85173375 135.74342295]
[230.23285223 129.26633684]
[223.54817451 121.82892575]
[214.37469217 125.80978265]
[204.40609548 126.60166652]
[195.86767089 131.80698165]
[186.20683608 134.38928116]
[176.73402186 137.59330843]
[170.30884715 145.25601878]
[160.51214537 143.24986969]
[150.97036033 140.25748967]
[142.50831126 134.92891335]
[132.84095145 137.48667688]
[132.31333198 147.47274806]
[125.93192734 155.17194768]
[117.9740872  161.22775318]
[120.33734777 170.94449129]
[111.67231375 175.93620297]
[104.4008334  169.07139608]
[ 97.48225833 161.85105544]
[ 94.2850557 155.5921969]
[ 92.04114745 145.84720456]
[ 90.75405376 136.57292423]
[ 87.08281585 138.94580699]
(84, 136)
(80, 136)
(75, 136)
(70, 136)
(60, 136)
(50, 136)
(43, 136)
