(250, 200)
[244.25779369 191.81299404]
[234.29754117 192.70370709]
[228.39353839 184.63260115]
[226.70483094 174.7762191 ]
[221.45451137 166.26539397]
[211.79658673 168.85855645]
[204.87502024 161.64108339]
[196.54646015 156.1061862 ]
[186.88136477 158.67249312]
[181.16927007 166.88053638]
[172.74876139 161.48655514]
[166.4695562  153.70378043]
[157.08648211 157.16180306]
[151.85518385 148.63927301]
[144.31488292 142.07087428]
[135.50327377 137.34270929]
[131.86031486 128.02987673]
[122.74147779 123.9253901 ]
[112.78531397 124.86069865]
[103.25902277 127.90204306]
[ 93.69825717 124.97087243]
[ 85.02761437 129.95283523]
[ 77.63597487 136.68809065]
[ 78.14762564 139.83475199]
[ 82.29351127 139.54221795]
(84, 136)
(50, 136)
(45, 136)
