(250, 200)
[242.53173084 193.34981536]
[245.79054399 183.89570848]
[248.16754278 174.18232201]
[239.25146488 169.65423688]
[233.14659859 161.73397125]
[232.83711616 151.73876137]
[222.926815   150.40237412]
[217.21682369 142.19286748]
[207.89008241 138.58566675]
[198.12406888 140.73624334]
[193.78383629 131.72722669]
[185.46215912 126.18198647]
[176.17507282 129.89008949]
[171.60463241 138.78453014]
[167.9343942  148.08664557]
[158.97373439 152.52585448]
[149.03441997 151.42584137]
[140.80312689 157.10438117]
[134.07455416 164.5021044 ]
[126.19633287 170.66113268]
[116.19731483 170.52099572]
[106.37529485 172.39927245]
[101.63974808 163.59162822]
[ 92.57618538 159.36648548]
[ 82.59086897 158.82476952]
[ 74.77854137 152.58237115]
[ 79.68374477 149.82607126]
[ 80.93374938 140.00529112]
[ 84.243172   140.56955955]
(84, 136)
(45, 136)
