(250, 200)
[240.00071822 200.11984973]
[231.41714543 194.98932557]
[234.21410315 195.03263159]
[237.12186463 185.46472047]
[235.25273579 175.64095554]
[241.28144215 167.662566  ]
[249.52459218 162.00125189]
[245.26772258 152.95254694]
[236.08248766 148.99888287]
[230.12579071 140.96658797]
[224.97647557 132.39427477]
[215.06277368 131.08335338]
[205.92899491 135.15448165]
[196.99573171 130.66039569]
[187.29585615 128.2288501 ]
[177.36154706 129.3731853 ]
[167.37528202 128.84924787]
[159.01931645 123.35581184]
[149.99042928 127.65455542]
[141.3239625  122.66533169]
[131.58446093 124.93295362]
[121.82312305 127.10465407]
[117.75292265 136.23884635]
[113.86987243 145.45415541]
[103.87360875 145.18081982]
[ 96.64353764 141.0290245 ]
[ 90.8657993  133.36099991]
[ 84.59436843 133.89925651]
[ 76.47794175 139.74079894]
[ 75.26522114 137.70585304]
(63, 137)
(60, 137)
(44, 137)
