(250, 200)
[253.56738734 190.65795806]
[244.56154787 186.31113676]
[236.47742039 180.42497649]
[226.50291054 179.71142672]
[221.35452639 171.13855435]
[217.14896061 162.06589121]
[208.48190754 157.07768602]
[198.65445245 155.22805728]
[189.49738075 159.24651942]
[181.90550842 152.73779647]
[175.12102523 145.39131514]
[165.77730383 141.82832898]
[159.59444246 133.96879813]
[158.96300663 123.9887536 ]
[149.2278011  121.70275855]
[139.36210508 123.33617276]
[129.40514174 122.4094144 ]
[120.29463154 126.53235072]
[111.8748194  131.92741917]
[104.51024915 138.69226248]
[ 99.47628864 147.33282042]
[ 92.36579359 154.36423993]
[ 91.20769012 151.84634178]
[ 89.91496729 144.69529233]
[ 87.20104472 144.29945433]
[ 88.29172463 142.36064417]
[ 86.37963453 142.44403797]
(84, 136)
(44, 136)
