(250, 200)
[240.07630464 198.76700752]
[237.95600381 188.99437612]
[228.01569222 187.90341077]
[220.84487297 180.93352187]
[211.93464478 176.39393669]
[203.68305724 170.74492766]
[202.4265966  160.82417634]
[205.25559747 151.2326825 ]
[208.54613614 141.78957098]
[206.24631006 132.05762359]
[198.14665706 126.19284556]
[188.1707509  126.88660071]
[178.9886699  122.92561744]
[169.09878225 121.44571124]
[159.67575131 124.79332052]
[152.05779424 131.27149388]
[145.02183029 138.37749214]
[135.33942461 140.8776962 ]
[125.41085235 139.6846108 ]
[115.58776474 137.81192559]
[112.05072646 147.16550031]
[104.08048396 153.20497335]
[ 97.1781225  160.44081513]
[ 87.74433115 157.12365059]
[ 85.4227433  147.39687158]
[ 80.30803459 143.61546609]
[ 85.04986365 140.50191578]
(84, 136)
(50, 136)
(45, 136)
