(250, 200)
[250.5344087  190.01428984]
[250.54530962 180.01429578]
[246.01752286 171.09806636]
[242.19783802 161.85631287]
[234.27385264 155.75627552]
[224.61428595 153.16923642]
[220.65874486 143.98480967]
[220.64509708 133.98481898]
[211.14858317 130.85173368]
[202.99960993 136.64778709]
[193.40384266 133.83331547]
[184.98829155 128.43160282]
[179.37729587 136.70908598]
[170.92297438 131.36825756]
[161.3877669  134.38153124]
[154.39675968 141.53176328]
[145.12879844 137.77611496]
[138.68626083 145.42423298]
[134.98773033 154.71513563]
[126.85600886 160.53536809]
[118.12108229 165.40374131]
[108.77916051 168.97144329]
[100.96116295 162.73614745]
[ 95.64315206 154.26745451]
[ 85.64506145 154.46286227]
[ 78.9497525  147.03502019]
[ 75.14027948 137.78905267]
[ 77.15289483 139.38698121]
[ 80.52821944 139.19343519]
[ 82.0847778  139.75431241]
(84, 136)
(50, 136)
(45, 136)
