(250, 200)
[248.9263739 190.0578007]
[246.12678848 180.45767979]
[237.81695819 174.89470212]
[232.71446194 166.29443863]
[227.80483554 157.58263236]
[217.91700396 156.0890505 ]
[208.69684251 152.21753623]
[198.7543093  151.14700672]
[190.75542025 145.14552574]
[182.29865901 150.48249016]
[172.96846641 146.88422586]
[164.69393012 152.49956638]
[158.96302072 144.3046486 ]
[149.09337448 142.69527506]
[140.26363742 138.00105059]
[130.3076985  138.93875003]
[123.35528927 146.12651783]
[116.1526964  153.06356734]
[111.84509595 149.39937957]
[102.08763079 147.21034467]
[ 94.71308569 142.73265593]
[ 84.7801753  143.88906896]
[ 84.91988113 138.20485654]
(84, 136)
(50, 136)
(45, 136)
