(250, 200)
[240.34222554 197.40627825]
[239.35707034 187.4549231 ]
[234.86891365 178.51867951]
[236.57994225 177.13385595]
[237.34721124 167.16333448]
[229.16743988 161.41082715]
[226.40858402 151.79892233]
[218.20838382 146.07557394]
[212.8660717  137.62218993]
[203.00725716 135.94774201]
[193.50694801 132.82618373]
[189.32693416 123.74171984]
[179.53891204 125.78979772]
[173.97819222 134.10113908]
[165.12683895 129.44780208]
[156.10748618 133.76651434]
[147.9538813  139.55605038]
[142.0619805 147.635995 ]
[132.71319292 144.08632307]
[125.25280888 137.42729387]
[116.90499197 142.9331047 ]
[109.77565535 135.92078986]
[ 99.9424872 137.7398017]
[ 93.22612818 130.33098793]
[ 86.18628777 123.22883002]
[ 77.77762344 117.81640319]
[ 70.81730566 124.99651297]
[ 71.83674979 134.94441394]
[ 77.35061503 140.37551935]
[ 80.63223929 138.14721954]
(84, 136)
(50, 136)
(45, 136)
