(250, 200)
[245.71240381 190.96581387]
[235.73913073 190.23518134]
[225.81014427 191.42481486]
[220.14192529 183.18641128]
[219.80624081 173.19204707]
[209.81883612 173.69379159]
[205.27586372 164.78528993]
[201.01764299 155.73722073]
[191.45033156 152.82748672]
[183.14230575 147.26181452]
[173.23385926 145.91174482]
[165.78332957 139.24169179]
[155.88885868 137.79274539]
[147.74385993 131.99110808]
[140.99149179 139.36711814]
[134.36644821 146.85769873]
[130.8607003  156.22304611]
[120.8906523  155.44964912]
[111.58354506 159.10721045]
[102.83187577 163.94542135]
[ 92.83416936 164.15958612]
[ 82.88216081 163.1810537 ]
[ 78.55874553 154.16395437]
[ 74.00320228 145.26187452]
[ 82.98761035 140.87092797]
(84, 136)
(50, 136)
(45, 136)
