(250, 200)
[247.74827449 190.25681098]
[247.26950839 180.26827841]
[239.01300396 174.62645825]
[234.29974584 165.80686655]
[225.74800954 160.62345007]
[215.9603859  158.57346876]
[206.03396978 159.78436228]
[196.07455026 158.88438297]
[191.63334179 149.92471404]
[186.33297332 141.44496793]
[177.36224939 137.02613186]
[168.51487969 132.36522536]
[159.79780275 127.46496316]
[151.86668068 133.55571867]
[143.5280849  139.07548501]
[135.95990334 145.61173989]
[126.04740514 146.9317321 ]
[116.06404212 146.35513623]
[108.19679889 140.18209128]
[ 99.97314069 134.49250027]
[ 96.79028023 135.75612877]
[ 87.32620313 138.98587253]
(84, 136)
(50, 136)
(45, 136)
