(250, 200)
[244.05761941 191.95710792]
[243.22502317 181.99182903]
[234.42233603 177.24707413]
[231.26515115 167.75854508]
[227.91001897 158.33819009]
[228.68043019 148.36791093]
[219.78588223 143.79767936]
[209.78735394 143.96923678]
[199.85767864 142.7853666 ]
[190.53512334 139.16736127]
[180.55702181 138.50593114]
[174.02314082 130.93570001]
[164.44396164 128.06527737]
[154.49854381 127.02188661]
[149.46553621 135.66299965]
[139.6357212  137.50004533]
[132.70074336 144.70463292]
[129.39219449 154.14144935]
[129.50869768 164.14077068]
[120.94489365 169.30422501]
[113.555875   176.04235557]
[103.7004335  174.34816764]
[ 94.47879553 170.48017163]
[100.32123575 162.36439118]
[ 96.14701777 153.27726268]
[ 90.75587102 144.85493897]
[ 84.98741768 136.68640507]
(84, 136)
(50, 136)
(45, 136)
