(250, 200)
[241.76897244 194.32107533]
[240.55707054 184.39478228]
[244.38545441 175.15662895]
[236.19110227 169.4249108 ]
[226.26731057 168.19269403]
[216.47332635 166.17331957]
[207.81040322 161.17794543]
[205.45058326 151.46037116]
[195.60614595 153.21737256]
[188.094722   146.61597041]
[178.89990347 150.54729489]
[171.1553147  156.87353744]
[163.71658912 163.55675236]
[154.10426737 160.79934949]
[144.14071771 161.65239001]
[134.47419021 159.09148273]
[126.01373463 153.76037671]
[120.67308918 145.30593964]
[116.88419664 136.05151944]
[106.96416086 134.78942192]
[104.74400647 125.03899042]
[ 95.57595837 121.04563417]
[ 86.12632395 117.77387481]
[ 76.56378763 120.69926352]
[ 73.9398314  130.34886733]
[ 80.7370574  137.68356015]
(84, 136)
(50, 136)
(45, 136)
