(250, 200)
[241.30782848 204.94430524]
[236.45501546 196.20072441]
[238.37724527 186.38721165]
[229.83173266 181.19354105]
[234.01074666 172.10861716]
[228.55107119 163.73055391]
[221.01807747 157.15377616]
[211.07301317 158.20053121]
[202.98462844 152.32022235]
[193.88423047 148.17501344]
[184.59587098 151.87992612]
[176.44808858 157.67765342]
[178.08407098 167.5429239 ]
[169.66514011 172.93936745]
[159.94830876 175.30224463]
[150.22712873 172.95732271]
[144.12468251 165.03519231]
[143.10011499 155.08781771]
[133.68920178 151.70629253]
[126.1452875  158.27054096]
[119.26923379 165.53138701]
[112.00208869 172.40078306]
[105.13918754 165.12750403]
[ 97.5775109  158.58372482]
[ 88.47320824 162.72035062]
[ 85.41249561 153.20026458]
[ 75.85625113 150.25438754]
[ 82.54500137 142.82063881]
(84, 136)
(50, 136)
(45, 136)
