(250, 200)
[252.70712702 190.37339814]
[254.18463999 180.48315267]
[250.14447163 171.33563718]
[242.09127785 165.40722509]
[236.47401259 157.13399531]
[230.81161611 148.89158874]
[221.36507303 145.61091445]
[212.61092027 140.77719855]
[204.25554725 146.27153578]
[194.79097488 149.49982789]
[185.84490228 153.96836066]
[178.14822858 147.58390971]
[169.97904907 141.8163707 ]
[164.84804887 133.23308247]
[154.85370686 132.89673769]
[145.1242968  130.58620099]
[136.63624191 135.8732535 ]
[130.09890778 128.30600417]
[120.09891447 128.29443887]
[111.56855946 123.07591001]
[101.99627805 125.96925213]
[ 94.60051232 132.6999764 ]
[ 85.64821751 137.15603046]
[ 85.02670315 140.0786416 ]
(84, 136)
(50, 136)
(45, 136)
