(250, 200)
[252.23165849 190.2521951 ]
[249.1057336  180.75332182]
[249.1079092  170.75332206]
[243.38487181 162.5529048 ]
[238.81317848 153.65910808]
[232.05257734 146.29064338]
[222.4021151  143.66984606]
[213.92120107 138.37134653]
[204.32494842 135.55853032]
[194.35685509 134.76033521]
[184.62038959 137.04095785]
[175.47330103 132.99982301]
[168.76505814 140.41598627]
[159.45193477 136.77377086]
[150.38754413 132.55040463]
[144.88025499 140.89724633]
[135.72711624 136.8698339 ]
[126.06423007 134.29522113]
[116.07915176 134.84130817]
[108.35310274 141.19017946]
[104.99471368 150.60937385]
[ 96.64638941 156.11441534]
[ 90.00322944 148.63989691]
[ 83.57623045 140.97871659]
(84, 136)
(50, 136)
(45, 136)
