(250, 200)
[246.93156984 190.4823986 ]
[245.49888584 180.58555989]
[235.86550945 177.90263995]
[227.27204137 172.78870738]
[225.1227996 163.0224   ]
[217.1077936 157.0424603]
[207.56343864 160.02663331]
[200.56815171 167.17267842]
[190.62851194 168.2697478 ]
[181.81271417 172.99009839]
[171.83822275 173.70390566]
[163.13972101 168.77074567]
[153.16002236 168.13386669]
[143.25797863 166.73761095]
[138.47500178 157.95563325]
[132.31947592 150.07467509]
[129.04433218 140.62621313]
[128.44441347 130.64422447]
[118.89497619 127.67635526]
[110.48281766 122.26936083]
[100.51937397 123.1236382 ]
[ 96.08113655 132.08477923]
[ 90.67996154 140.50067541]
[ 86.15616015 133.56061521]
[ 84.7920949  137.88025544]
(84, 136)
(50, 136)
(45, 136)
