(250, 200)
[240.12291365 198.43693721]
[241.6696112  188.55727493]
[233.52597697 182.75372244]
[223.5590829  181.94068952]
[216.02111296 175.36961585]
[206.04176162 174.72731775]
[199.70591814 166.99058153]
[193.2187115  159.38031543]
[183.22217685 159.11707599]
[173.34645117 160.68871283]
[166.26277951 167.74715429]
[157.04069183 163.88023059]
[148.39644593 158.85260562]
[143.98747106 149.87703096]
[136.89022313 142.83224055]
[129.44581882 136.15535172]
[119.78659878 133.56701864]
[113.18405729 126.05659615]
[103.24923762 124.91670223]
[ 94.3147823  129.40841772]
[ 90.60624409 138.69533025]
[ 88.062727   148.36644812]
[ 80.01898859 154.30768304]
[ 74.81233974 162.8452944 ]
[ 71.30686144 172.2107427 ]
[ 61.64196704 169.64367896]
[ 59.13078307 159.96411518]
[ 65.49552738 159.44152253]
[ 70.72707608 151.46203513]
[ 75.33860158 145.22211769]
[ 80.34360256 144.1200807 ]
[ 84.41941916 143.3508274 ]
(84, 136)
(50, 136)
(45, 136)
