(250, 200)
[240.1086572  201.47014884]
[234.08903702 193.48490164]
[224.17478152 192.17817366]
[224.02048374 182.17936412]
[214.15233385 180.56084076]
[207.84781008 172.79856146]
[199.12233728 177.68385822]
[189.65597929 174.46080586]
[181.34599708 168.89805514]
[179.55523419 159.05970323]
[171.95451956 152.56130827]
[165.04859849 145.32886372]
[155.50610607 142.33874022]
[147.6450011  136.15788036]
[137.67295828 135.41064415]
[134.84033195 125.82022038]
[125.3240479  128.89273369]
[116.25943257 124.66984974]
[106.61121222 122.04081112]
[ 96.65901264 121.06422348]
[ 91.61504217 129.69894189]
[ 82.36429418 133.4967915 ]
[ 81.28588393 134.35791684]
[ 82.87918319 138.6660906 ]
(84, 136)
(50, 136)
(45, 136)
