(250, 200)
[255.03516722 191.36014519]
[263.10308257 185.45178317]
[262.78627485 175.45680278]
[256.74328647 167.48922527]
[263.40676464 160.03281469]
[256.41002042 152.88819642]
[248.51739982 146.7476313 ]
[241.99157699 139.17045264]
[233.48862378 133.90739396]
[224.59402922 138.47753484]
[217.19262302 145.20205611]
[207.29741215 143.75817183]
[199.62259099 150.1688754 ]
[190.01660358 152.94826486]
[180.01712426 153.0503103 ]
[170.23126371 150.99192907]
[161.15898786 146.78552787]
[151.65721888 149.9026397 ]
[141.75736559 151.31434252]
[134.01761141 144.98218608]
[126.13613767 138.82732039]
[118.92805514 131.89597519]
[111.2486464  125.49076782]
[101.33744212 124.16109507]
[ 92.6805692  129.16694678]
[ 85.78978351 121.92008038]
[ 78.85884084 129.12854996]
[ 69.82457311 133.41597421]
[ 67.6032878  143.16614813]
[ 58.04730594 140.21941933]
[ 53.28156686 149.01076343]
[ 49.78745279 158.38045749]
[ 58.81009049 162.69230268]
[ 66.99888013 168.43196506]
[ 76.87843525 166.88458319]
[ 73.8066611  163.55785294]
[ 75.12183075 153.66053607]
[ 80.73708074 152.44479457]
[ 80.5300874  149.17158514]
[ 83.54620636 141.93903839]
[ 83.27432812 140.05359373]
(84, 136)
(50, 136)
(45, 136)
