(250, 200)
[244.67583274 191.53517614]
[246.29585379 181.66727202]
[242.77472537 172.30769646]
[235.46977341 165.47851811]
[225.64741816 163.60199546]
[219.02157418 156.11212286]
[210.97005146 150.18144146]
[208.12866171 140.5936104 ]
[198.20245505 139.38100112]
[191.11559956 146.43624592]
[183.72863334 153.17662649]
[173.76502877 154.02902546]
[163.81262909 155.00357176]
[158.99214377 163.76501692]
[149.30026859 161.3017761 ]
[142.72508144 153.76739398]
[133.00963662 156.13596569]
[125.45776548 162.69105855]
[118.14726037 169.51429202]
[108.14809742 169.38490811]
[100.53594234 162.89991812]
[ 91.20716393 159.297989  ]
[ 90.89738869 149.30278819]
[ 84.19631241 141.88014871]
[ 84.52576536 140.39320386]
(84, 136)
(50, 136)
(45, 136)
