(250, 200)
[242.58168003 193.2941422 ]
[232.87292361 195.68998209]
[226.26333522 188.18576053]
[217.22794702 183.90069809]
[209.3428893  177.75042454]
[200.73417348 172.66220167]
[191.02132391 175.04139336]
[184.16505886 167.76185838]
[179.60633947 158.8614046 ]
[177.72950831 149.03910829]
[176.51209331 139.11348988]
[169.17568666 132.31811369]
[159.18350631 132.71350191]
[152.72815801 125.0761936 ]
[142.76129601 124.26276752]
[137.1904488  132.56732418]
[128.92335039 126.94103908]
[123.99558777 135.64259961]
[114.12219918 137.22885235]
[106.55584931 143.7672275 ]
[ 97.63785688 148.29154083]
[ 93.73744571 157.49951524]
[ 92.82681268 151.76479069]
[ 83.47931997 149.8897003 ]
[ 81.83023111 147.44474202]
[ 74.1530202  143.79162387]
[ 75.81593396 143.42551306]
[ 76.74231769 144.60316347]
[ 80.2378339  141.40384969]
(84, 136)
(50, 136)
(45, 136)
