(250, 200)
[242.72864508 206.86493974]
[237.1963515  203.43362235]
[227.23098106 204.26512219]
[222.8599355  195.27101519]
[222.25818379 185.28913686]
[215.05355981 178.35419683]
[207.74629169 171.52749685]
[198.17131561 174.41190895]
[188.18840608 173.82751419]
[178.74302295 177.11152661]
[170.21901794 171.88263203]
[160.31145341 170.52610515]
[150.46535024 168.77846321]
[145.85533243 159.90447111]
[138.16449857 153.51298659]
[128.59954739 150.59550327]
[123.1974613  142.18019187]
[113.57900154 144.91610705]
[103.93403297 142.27516382]
[ 94.06677847 140.65119069]
[ 84.10041225 139.83171253]
[ 81.34537294 137.21871308]
[ 75.73490575 140.73093789]
[ 74.32584415 138.88654476]
(63.07113962, 137.07074093)
(60.05149988, 137.02136385)
(44.07074093, 137.07113962)
