(250, 200)
[240.03615971 200.84963911]
[230.13554378 199.44329479]
[225.94608172 190.36318424]
[217.69106199 184.71919193]
[219.58784652 174.90072929]
[210.04433848 171.91384893]
[209.96665915 161.91415064]
[207.71827287 152.17019051]
[199.59271451 146.34135689]
[192.01123688 139.82052896]
[187.48841026 130.90178244]
[177.48880697 130.81270957]
[168.20940893 134.54001048]
[159.76425726 139.89532683]
[151.14569454 144.9668529 ]
[142.52925707 150.04198889]
[142.47517311 160.04184264]
[137.48958869 168.71040353]
[130.14226337 175.4939727 ]
[120.27330788 173.88036882]
[110.89899352 170.39866948]
[102.72357388 176.15735976]
[ 97.72217702 167.49791235]
[ 87.72219546 167.51711946]
[ 77.83755007 166.00259462]
[ 71.64681286 158.14926585]
[ 68.82669869 148.55515536]
[ 76.73602701 142.43612558]
[ 80.98805114 133.38514272]
[ 86.60321671 132.4115282 ]
[ 87.29917569 136.67876207]
(84.14226337, 136.04198889)
(63.07113962, 137.07074093)
(60.05149988, 137.02136385)
(44.07074093, 137.07113962)

