(250, 200)
[250.02691577 190.00003622]
[244.98988847 181.36126571]
[238.23035456 173.99182195]
[230.93790822 167.14929126]
[223.48731585 160.47930825]
[218.7404346  151.67776756]
[221.01856035 141.94071754]
[213.34729641 135.52575772]
[204.27335725 131.32294579]
[198.30206397 123.30149601]
[189.16740267 127.3706437 ]
[184.23590197 136.07008626]
[174.576172   138.65651564]
[164.6305728  137.61485517]
[156.45964513 131.84979306]
[148.78732958 138.26349512]
[140.33517867 143.60775792]
[130.87347748 146.8444554 ]
[125.57355281 155.3244789 ]
[117.21378177 149.83683566]
[108.03564432 145.86672321]
[101.20361152 153.16900558]
[ 92.03624132 149.17409336]
[ 89.88447178 147.65531091]
[ 86.35236444 143.36511043]
(84.01856035, 136.03564432)
(50.03564432, 136.01856035)
(45.07008626, 136.01856035)
