(250, 200)
[243.87462501 192.0955847 ]
[235.09274725 196.87874507]
[226.58480125 191.62376126]
[225.71124245 181.66198958]
[216.01323837 179.22299043]
[209.64711442 171.51115109]
[201.8110886  177.72377528]
[195.33200812 170.10658971]
[185.92764009 173.50627529]
[176.302251   176.21771121]
[166.35152431 175.22622828]
[156.69432072 172.63038183]
[149.32976433 165.86552343]
[139.50763929 167.74325072]
[132.67859071 160.43817744]
[126.27052674 152.76115223]
[117.02162046 156.56348477]
[109.96944029 163.65338991]
[102.29981738 157.23646819]
[ 94.63302262 150.81616772]
[ 87.55121493 143.75585612]
[ 82.02804132 141.75817794]
(80.00064432, 136.0006035)
(50.00064432, 136.0006035)
(45.00008626, 136.00856035)
